Time	DO	OURex
min	mg/l	mg/l/min
0	8.48823381	0.00651276
0.014845	8.48869102	0.02220774
0.031511667	8.49305846	0.03790266
0.05	8.49539382	0.05359764
0.066928333	8.49239154	0.06929262
0.084115	8.48156965	0.08498754
0.100261667	8.48055853	0.10068252
0.117448333	8.48287847	0.1163775
0.134115	8.48381655	0.13207242
0.150781667	8.49104506	0.1477674
0.167448333	8.485796	0.16346238
0.183855	8.47540311	0.1791573
0.200781667	8.47250422	0.19485228
0.217448333	8.47303091	0.2105472
0.233855	8.47027345	0.22624218
0.250261667	8.46343656	0.24193716
0.267448333	8.45294705	0.25763208
0.283595	8.44647607	0.27216678
0.3	8.44122974	0.28563396
0.317188333	8.42929731	0.29766948
0.334115	8.42065915	0.30831714
0.34922	8.4159044	0.3191454
0.365886667	8.40712145	0.32975178
0.383333333	8.40225829	0.3397362
0.400781667	8.39441232	0.34931106
0.417448333	8.3832867	0.35821524
0.434115	8.38229164	0.36741612
0.450781667	8.3823719	0.3782553
0.466146667	8.37138357	0.3882213
0.482031667	8.36597104	0.39686364
0.497916667	8.35729409	0.40425984
0.513541667	8.35675696	0.4111938
0.530208333	8.35555539	0.42028254
0.546355	8.34678027	0.42913296
0.564323333	8.33873548	0.43589832
0.58073	8.33276764	0.44244522
0.59974	8.32624736	0.4484601
0.617188333	8.31316718	0.45300498
0.634115	8.30830797	0.45707994
0.650781667	8.29840985	0.46153428
0.667448333	8.29305924	0.46567716
0.684115	8.28488494	0.46919322
0.700781667	8.26100103	0.47159094
0.715365	8.24427984	0.47252844
0.728906667	8.24576806	0.47279442
0.745573333	8.24593045	0.4736142
0.76224	8.2515889	0.47522328
0.78047	8.24632836	0.47709702
0.797916667	8.22196003	0.47853096
0.81224	8.21598755	0.47945424
0.828906667	8.21646836	0.48111666
0.845573333	8.21333324	0.48351732
0.86224	8.20885424	0.48630234
0.878906667	8.20133948	0.48899706
0.895573333	8.19429745	0.49100232
0.91224	8.18922103	0.49228224
0.928906667	8.18674545	0.4932225
0.945573333	8.17901997	0.4946706
0.963021667	8.1688913	0.49683396
0.979428333	8.15832676	0.49875714
0.997396667	8.15065739	0.49953816
1.01432333	8.13587748	0.50089644
1.03047	8.124091	0.501675
1.046615	8.12660858	0.50263344
1.06380333	8.11916532	0.50507232
1.07994833	8.10876875	0.50545158
1.096615	8.1057888	0.50561646
1.11380333	8.09671423	0.50702424
1.12942833	8.09104733	0.50776146
1.146615	8.0902367	0.50882598
1.16380333	8.08530059	0.50959536
1.18151167	8.08229331	0.51069168
1.20026167	8.0793698	0.51124512
1.21875	8.0706299	0.51128142
1.23645833	8.05407891	0.51202878
1.252865	8.03341335	0.51240336
1.26797	8.01694446	0.51258552
1.28307333	8.01733875	0.51294306
1.29869833	8.02618572	0.51275616
1.31588667	8.02194302	0.51221592
1.33281333	8.0014664	0.51110772
1.34817833	7.99920411	0.5101065
1.36614667	7.99095634	0.51038952
1.38073	7.98294203	0.51040158
1.39713667	7.98761205	0.5094867
1.41328167	7.9838115	0.50970042
1.42994833	7.97773752	0.50995584
1.446875	7.96182165	0.509139
1.4625	7.96450094	0.50904438
1.48099	7.96150887	0.50913888
1.49817833	7.94959058	0.50883018
1.515105	7.94445723	0.50853738
1.53229167	7.9369358	0.50766198
1.54869833	7.91621209	0.50531958
1.56432333	7.91105264	0.501891
1.58099	7.91457809	0.49983132
1.59817833	7.90519592	0.49884738
1.614845	7.89328433	0.49666068
1.63073	7.87836034	0.49480116
1.646095	7.88053569	0.49294506
1.66380333	7.88439573	0.49057944
1.68151167	7.86729895	0.48874806
1.696615	7.86849105	0.48640344
1.71458333	7.87558819	0.48461862
1.73203167	7.87175043	0.48365538
1.74974	7.87758873	0.4842066
1.76953167	7.86602584	0.48574938
1.78698	7.8422964	0.48555612
1.80338667	7.83389106	0.48438714
1.81979167	7.82878106	0.4838115
1.83567833	7.83475469	0.48346524
1.85390667	7.8377808	0.4837053
1.871615	7.82186814	0.4840482
1.88776167	7.82300748	0.4848912
1.90468833	7.81580893	0.48670038
1.92005333	7.79497658	0.48764238
1.93619833	7.78966095	0.4879425
1.953125	7.7844667	0.48809634
1.97005333	7.78710848	0.48727914
1.98828167	7.7914281	0.4873287
2.00599	7.77967786	0.48860232
2.021875	7.77163648	0.48969042
2.03880333	7.76297646	0.49131576
2.05390667	7.75776306	0.4931781
2.071355	7.75563954	0.49372644
2.08776167	7.74978466	0.49350438
2.10494833	7.75416217	0.49445514
2.12239667	7.74832436	0.49684314
2.13932333	7.74340266	0.49933656
2.15625	7.74171368	0.50172828
2.17291667	7.73273512	0.50445228
2.18958333	7.71591196	0.50718756
2.20573	7.71824728	0.5092416
2.22265667	7.71898008	0.51093564
2.23880333	7.70093024	0.51171936
2.25494833	7.70293064	0.51280464
2.27239667	7.70588967	0.5151678
2.28958333	7.69518808	0.51692478
2.30625	7.68994745	0.51794724
2.32291667	7.68449481	0.51901146
2.33854167	7.68248212	0.5208138
2.35573	7.68040527	0.5236683
2.37291667	7.66659676	0.52617696
2.38906333	7.66147298	0.52775286
2.40625	7.65900849	0.52891332
2.42291667	7.65045739	0.52991022
2.43958333	7.63816527	0.5301945
2.45625	7.61454544	0.52886466
2.471095	7.61378576	0.52685868
2.48724	7.62096156	0.5257191
2.50416667	7.62688393	0.52556244
2.52265667	7.62845925	0.5261145
2.53958333	7.61009571	0.52659684
2.55625	7.60362752	0.52672422
2.57291667	7.59617433	0.5272155
2.58958333	7.58064567	0.52760664
2.60547	7.58358969	0.5268867
2.62291667	7.58880165	0.5268498
2.63880333	7.58094814	0.52790856
2.65573	7.57591871	0.52822062
2.67265667	7.57125265	0.52799604
2.68958333	7.56325565	0.5278614
2.70625	7.5542046	0.52712286
2.72239667	7.54362443	0.52584324
2.73724	7.54247953	0.52427262
2.753125	7.54845135	0.52351896
2.77057333	7.54881386	0.52405866
2.78828167	7.54562146	0.52580736
2.80625	7.53392413	0.52752702
2.82291667	7.5245727	0.527505
2.840365	7.51884836	0.52635054
2.85625	7.50842868	0.52516728
2.871355	7.50134707	0.52375674
2.88776167	7.50071315	0.5224644
2.90442833	7.4992401	0.52158678
2.92057333	7.4983721	0.52083354
2.93672	7.49413079	0.52053198
2.953125	7.48729964	0.51992382
2.96927167	7.48817402	0.51959718
2.98645833	7.49113154	0.5208975
3.00338667	7.49341105	0.5234022
3.021355	7.48844761	0.5260842
3.03932333	7.48318482	0.52899198
3.05625	7.47416903	0.53085198
3.07265667	7.46141401	0.53185044
3.08958333	7.45796148	0.5331402
3.10625	7.44762021	0.53340582
3.12291667	7.43530017	0.53177952
3.13802167	7.43968501	0.53010474
3.15520833	7.44551143	0.53032662
3.17213667	7.43110479	0.53042538
3.18776167	7.42613388	0.5295774
3.20520833	7.42863801	0.52880112
3.221615	7.42463304	0.52855878
3.23854167	7.41595723	0.52787742
3.25442833	7.4061174	0.52755438
3.27031333	7.40008065	0.52799046
3.28593833	7.39123961	0.52765308
3.30156333	7.37956738	0.5260848
3.315625	7.38521996	0.52389216
3.33307333	7.38436568	0.52183698
3.346615	7.37249788	0.52001916
3.36224	7.38146401	0.51854298
3.37890667	7.39043359	0.51820104
3.39739667	7.37822247	0.5182533
3.41276167	7.36134542	0.51743706
3.42942833	7.35956104	0.51635706
3.44557333	7.35884534	0.51491214
3.46224	7.35572618	0.51353676
3.47890667	7.3550248	0.51285042
3.49583333	7.35643132	0.51225738
3.51354167	7.34510524	0.51120414
3.52968833	7.32905953	0.50909598
3.54583333	7.33585138	0.50630934
3.56328167	7.34329959	0.50441514
3.58020833	7.33705917	0.50267556
3.596355	7.33447058	0.50150676
3.61406333	7.32740173	0.5012466
3.62994833	7.31828447	0.49991082
3.646355	7.32623702	0.49911336
3.66328167	7.32808436	0.50072106
3.68020833	7.31914346	0.50220306
3.696615	7.31387566	0.5022621
3.71276167	7.30563029	0.50226846
3.73020833	7.30897084	0.50194584
3.74713667	7.30207477	0.5018499
3.7625	7.29682933	0.50114862
3.78047	7.29776966	0.50059014
3.796875	7.27590309	0.49974672
3.81224	7.2768749	0.49797012
3.82968833	7.28204068	0.4973067
3.846095	7.2811756	0.49796226
3.86380333	7.28522477	0.4988397
3.88099	7.26840838	0.49921962
3.89557333	7.26716921	0.49912806
3.91328167	7.28138808	0.49954338
3.93047	7.26777226	0.50018322
3.94557333	7.260424	0.500445
3.96380333	7.26624008	0.50133294
3.97994833	7.25956319	0.5027538
3.99557333	7.25687509	0.50415204
4.01354167	7.25137711	0.50520372
4.02890667	7.24824883	0.505959
4.04791667	7.24886192	0.5066199
4.064845	7.24057463	0.50766
4.08125	7.23374702	0.5085069
4.09583333	7.2306633	0.50894706
4.11276167	7.22358303	0.50908248
4.12890667	7.22032117	0.50921304
4.14739667	7.21447674	0.508911
4.16224	7.20723074	0.50765028
4.17916667	7.21274816	0.50710692
4.19583333	7.21356981	0.5075829
4.21354167	7.20488829	0.50720568
4.22890667	7.19650862	0.50569188
4.246355	7.19639852	0.50472324
4.26224	7.20431752	0.5049726
4.27890667	7.20531334	0.50604252
4.296355	7.19650292	0.50748654
4.31224	7.19961004	0.50973504
4.33073	7.1948645	0.51245076
4.34557333	7.19622479	0.515154
4.36380333	7.2015555	0.51847746
4.38203167	7.1909263	0.52145862
4.39739667	7.17847426	0.52357044
4.41224	7.17803253	0.5255325
4.42994833	7.17897031	0.52761606
4.44557333	7.17864122	0.53012532
4.46354167	7.17090141	0.53137944
4.47994833	7.15512573	0.53041404
4.49557333	7.15803536	0.52936506
4.51380333	7.15615825	0.52900068
4.52916667	7.14775676	0.52842696
4.54557333	7.15243495	0.52842282
4.56380333	7.1424838	0.52835184
4.57890667	7.14168618	0.52677558
4.59713667	7.14044237	0.5258739
4.61224	7.13471991	0.52605768
4.62994833	7.12983323	0.52679394
4.64557333	7.12709112	0.5276112
4.66380333	7.12914426	0.5280345
4.67890667	7.12810119	0.52845234
4.696615	7.12482949	0.52926642
4.7125	7.12025837	0.5297298
4.73073	7.11510106	0.52963524
4.74583333	7.10799268	0.52797426
4.76224	7.11798758	0.5265219
4.78020833	7.11865943	0.5275533
4.79557333	7.10266112	0.52807932
4.81224	7.09722467	0.52795656
4.82890667	7.08998336	0.52826232
4.84557333	7.07791452	0.52560606
4.86224	7.06875718	0.52183194
4.87890667	7.06969058	0.51853038
4.89557333	7.07258976	0.51638538
4.91224	7.0663567	0.51397164
4.92890667	7.06650603	0.51160482
4.94557333	7.06031009	0.50977032
4.96224	7.05650294	0.50771766
4.97890667	7.05627888	0.5056026
4.99557333	7.0481459	0.50291556
5.01328167	7.09009386	0.50228784
5.04791667	7.09300843	0.50537082
5.06875	7.06732199	0.50752698
5.090625	7.07417088	0.5083608
5.11640667	7.06515362	0.5107308
5.13463667	7.04327852	0.51163848
5.15182333	7.07523805	0.512298
5.18489667	7.0799237	0.51509712
5.208855	7.0555464	0.51710694
5.22630333	7.02795262	0.51652482
5.24244833	7.02778856	0.5147883
5.26119833	7.03828298	0.51470334
5.27890667	7.03471868	0.51591906
5.29817833	7.02978862	0.51675504
5.31770833	7.03635571	0.51742152
5.339845	7.04389859	0.51858618
5.36276167	7.03535169	0.52000356
5.38151167	7.0133053	0.5222448
5.39948	7.0082938	0.5240436
5.41797	7.00944465	0.52456056
5.43515667	6.98299245	0.52474944
5.446355	6.98033185	0.52346916
5.46432333	6.99856429	0.52226904
5.48151167	6.99960312	0.52318482
5.49843833	7.00318662	0.52414842
5.514845	6.99996362	0.525039
5.53307333	6.99393524	0.52533846
5.54922	6.99409329	0.52599372
5.565625	6.98267534	0.5273286
5.58125	6.97820142	0.5280225
5.59869833	6.97230927	0.52792116
5.615625	6.96549367	0.52685868
5.63177167	6.97053383	0.52634076
5.64843833	6.9592561	0.52495788
5.665365	6.96200498	0.52155768
5.68177167	6.97814448	0.51999756
5.7	6.97348405	0.51984642
5.71614667	6.96596281	0.51822168
5.733595	6.96391003	0.51734052
5.74948	6.97020103	0.51748392
5.77474	6.9755773	0.51684642
5.80104167	6.96673872	0.51680112
5.81953167	6.96641275	0.5182716
5.84114667	6.96569156	0.52012362
5.858855	6.94219628	0.52002384
5.87526167	6.93702622	0.51823992
5.890625	6.93154272	0.5161731
5.90573	6.94363769	0.51435624
5.927865	6.9567587	0.5138355
5.94895833	6.94834252	0.51413748
5.96614667	6.93529931	0.51441576
5.98307333	6.92720975	0.51368094
6.002865	6.92011798	0.511971
6.01927167	6.92702726	0.51116784
6.03645833	6.92915666	0.51191292
6.052605	6.920873	0.51192996
6.06744833	6.92966126	0.51251916
6.08541667	6.92677025	0.51433416
6.10052167	6.91868973	0.51518844
6.11849	6.91411488	0.5148228
6.13489667	6.9040883	0.51359568
6.15156333	6.90226563	0.51142128
6.16718833	6.91558805	0.51019866
6.18567833	6.92994927	0.5110974
6.202345	6.92050245	0.51366528
6.21901167	6.90877481	0.51546672
6.23515667	6.91656947	0.51675762
6.25078167	6.91092948	0.51835218
6.26797	6.89482285	0.5183118
6.28489667	6.89378376	0.51685536
6.30182333	6.89370014	0.51554172
6.31875	6.89085717	0.51470826
6.33567833	6.89589345	0.51396504
6.35156333	6.89194462	0.51296268
6.36797	6.88063849	0.51074346
6.384375	6.87704896	0.50808252
6.40182333	6.88413569	0.50624268
6.41875	6.88768751	0.5058012
6.434115	6.87926622	0.5059446
6.45104167	6.88479035	0.50647362
6.46849	6.88569986	0.50724582
6.48515667	6.87226716	0.50634174
6.502345	6.86753176	0.50441952
6.51875	6.86945678	0.50297742
6.533855	6.88178671	0.50332818
6.55078167	6.88116714	0.50531976
6.56770833	6.8713411	0.50666886
6.584115	6.86884958	0.50701776
6.60104167	6.86959492	0.50780526
6.61875	6.8630053	0.50859246
6.63515667	6.8562021	0.50822124
6.65156333	6.86309098	0.50824038
6.66849	6.86627595	0.50946174
6.68515667	6.86913033	0.5108823
6.70182333	6.86961026	0.5120955
6.71875	6.86286751	0.51320154
6.73489667	6.84855712	0.51328848
6.75078167	6.84538269	0.51235026
6.76744833	6.85211675	0.51230472
6.78307333	6.85204695	0.5130735
6.80052167	6.8512413	0.51339966
6.81666667	6.8551472	0.51463092
6.83333333	6.85308798	0.5169021
6.84948	6.84879987	0.51860088
6.86666667	6.83800206	0.51925668
6.88333333	6.82998404	0.51885072
6.89791667	6.84867752	0.51922074
6.91458333	6.85166411	0.52145148
6.93203167	6.84227553	0.5239548
6.94765667	6.83493478	0.52539996
6.96354167	6.83124399	0.52504482
6.98073	6.82925367	0.5245188
6.996875	6.83013008	0.5246487
7.01380333	6.83311292	0.524994
7.03151167	6.83269413	0.52637898
7.04791667	6.82648457	0.52817538
7.06354167	6.82422042	0.52965042
7.08177167	6.81493424	0.52978986
7.096875	6.8101163	0.52855638
7.11354167	6.81722565	0.52786788
7.13099	6.81100146	0.52756872
7.14765667	6.80188381	0.52615548
7.16406333	6.80594012	0.52450506
7.18099	6.80677734	0.52403418
7.196615	6.79585739	0.5231337
7.2125	6.80327277	0.5217822
7.23047	6.82156592	0.5224311
7.26172	6.81921523	0.52407216
7.27864667	6.79980114	0.5246295
7.296615	6.79446085	0.5241897
7.31302167	6.79162158	0.52335132
7.32994833	6.78999647	0.52182666
7.346095	6.78621703	0.51979854
7.36276167	6.78653368	0.51814128
7.38047	6.7867863	0.51635382
7.39739667	6.7819332	0.51385374
7.41432333	6.78508598	0.5121018
7.43151167	6.79345993	0.51172236
7.44948	6.79118123	0.5118657
7.46718833	6.78266519	0.51115878
7.483855	6.78203032	0.50932446
7.50130333	6.7807586	0.5076609
7.514845	6.77481848	0.50688156
7.52890667	6.77529058	0.50714346
7.54557333	6.78146639	0.50759586
7.56224	6.77958806	0.50751498
7.57890667	6.77209803	0.50657364
7.59557333	6.76547876	0.50420832
7.61224	6.76285342	0.50140122
7.62890667	6.76595148	0.49913226
7.64557333	6.7707913	0.49812042
7.66224	6.77250794	0.49759572
7.67890667	6.76758139	0.49702878
7.69557333	6.77380918	0.49735188
7.71328167	6.77973059	0.49913982
7.73073	6.76649164	0.50068326
7.746615	6.76306598	0.50090664
7.76354167	6.77197304	0.50203458
7.77890667	6.76389128	0.50363556
7.796875	6.75714831	0.50312106
7.81380333	6.75140761	0.50124366
7.82994833	6.74932838	0.4996242
7.84713667	6.75804348	0.49911876
7.865105	6.76967521	0.49998216
7.889845	6.76893395	0.50173098
7.90703167	6.76216833	0.5035473
7.92317833	6.75649909	0.5048211
7.93958333	6.7628461	0.50605872
7.96718833	6.76364695	0.50784576
7.98203167	6.74814125	0.50892792
7.99765667	6.74849432	0.50896806
8.01302167	6.75541387	0.50968644
8.02994833	6.75179595	0.51107724
8.046875	6.75391756	0.51249978
8.06458333	6.7444054	0.51355974
8.08047	6.7316466	0.5135979
8.096875	6.74063969	0.51356076
8.11458333	6.74138489	0.51374508
8.13073	6.74000866	0.51393768
8.146095	6.74563656	0.51475806
8.16328167	6.75072637	0.51694608
8.17968833	6.75316454	0.52001958
8.196875	6.74413061	0.5223114
8.21354167	6.74120149	0.5233638
8.22994833	6.73525193	0.52412394
8.24713667	6.73191365	0.52443066
8.26432333	6.72996492	0.52397868
8.28125	6.7198697	0.52268976
8.296355	6.72554494	0.52145028
8.31380333	6.72399177	0.5208963
8.33073	6.71043045	0.51927984
8.346355	6.70961862	0.5167974
8.3625	6.71780981	0.51517266
8.38047	6.72408415	0.51503346
8.39739667	6.72614925	0.51576414
8.41354167	6.72532392	0.51638316
8.43099	6.72420305	0.51650514
8.44739667	6.71676599	0.51629394
8.465105	6.71240927	0.5156649
8.483595	6.71472435	0.51475956
8.50026167	6.71666325	0.51392352
8.51718833	6.71245495	0.51297504
8.534375	6.71293645	0.51257412
8.55182333	6.71183004	0.51301836
8.56875	6.70328914	0.5125848
8.58333333	6.69986941	0.51115002
8.60078167	6.7021568	0.50967918
8.61849	6.70481589	0.50858664
8.63463667	6.7047024	0.50822784
8.65156333	6.70425135	0.50796102
8.66797	6.70353692	0.50760684
8.68515667	6.70287377	0.50766966
8.702345	6.70093648	0.5076933
8.72031333	6.6940598	0.5065872
8.73567833	6.68760615	0.50439678
8.75026167	6.6981804	0.5030754
8.76770833	6.70430366	0.50327532
8.78307333	6.70628088	0.50429706
8.79895833	6.70497931	0.50558934
8.81458333	6.69614484	0.50631396
8.82968833	6.69946521	0.50715738
8.846875	6.70140179	0.50864472
8.86328167	6.70267415	0.51019452
8.88020833	6.70337461	0.51210204
8.896615	6.70259242	0.51436194
8.91302167	6.69814147	0.51622728
8.93020833	6.69418772	0.51727692
8.94713667	6.68971007	0.51780726
8.96406333	6.68856684	0.51801054
8.98151167	6.68283773	0.51769416
8.99791667	6.67945837	0.5170353
9.014845	6.68885235	0.51707592
9.03177167	6.69283336	0.51847626
9.04922	6.69088221	0.5201208
9.065365	6.68911225	0.52132044
9.08177167	6.67988141	0.52182762
9.09739667	6.67408054	0.52121958
9.11380333	6.67613583	0.52068174
9.13099	6.68182826	0.5212983
9.14817833	6.6821407	0.52251978
9.165365	6.67961009	0.52336434
9.18177167	6.68264394	0.52402032
9.19817833	6.68230286	0.5249142
9.215625	6.67480857	0.52537758
9.23099	6.66111426	0.5242836
9.246615	6.66672084	0.52267686
9.26328167	6.67651957	0.52241826
9.27968833	6.67322156	0.52316442
9.296615	6.66487813	0.52335732
9.31354167	6.65684644	0.5221593
9.33020833	6.65811942	0.52018008
9.346875	6.66156168	0.51841962
9.36380333	6.66577425	0.51758526
9.38229167	6.6574786	0.51652122
9.39817833	6.6498545	0.51424044
9.41328167	6.65619364	0.5119935
9.43047	6.65951955	0.51057966
9.44739667	6.65868965	0.50936748
9.46302167	6.65781372	0.50814144
9.47994833	6.65496613	0.50709852
9.496875	6.65438629	0.50610792
9.51354167	6.65975196	0.50548926
9.53177167	6.65995337	0.50555904
9.54922	6.65716032	0.50577852
9.565625	6.65092641	0.50533614
9.58099	6.64057941	0.5035314
9.59817833	6.64381945	0.50097894
9.61640667	6.64985018	0.49913286
9.63151167	6.65027986	0.49799256
9.646615	6.65568486	0.49762416
9.66302167	6.65562631	0.49790016
9.68047	6.64848148	0.49731474
9.696615	6.64495784	0.4958373
9.71328167	6.64917355	0.49466004
9.72994833	6.65248745	0.49412544
9.74713667	6.64780803	0.49358148
9.76354167	6.65208875	0.49355364
9.78099	6.66398535	0.49550742
9.79869833	6.65799409	0.49809624
9.815625	6.65044528	0.49938234
9.83151167	6.64893871	0.49983582
9.84817833	6.64683353	0.50002734
9.86432333	6.64973242	0.50082312
9.88047	6.65040123	0.50242482
9.896355	6.64784348	0.50375232
9.91406333	6.64488953	0.50428572
9.93020833	6.65127608	0.50533974
9.94713667	6.65387394	0.50763984
9.965625	6.64599975	0.50971668
9.98020833	6.64117241	0.51065142
9.99557333	6.64099991	0.5112351
10.01224	6.64070045	0.5117409
10.0289067	6.63797579	0.51198948
10.0455733	6.63750321	0.51212196
10.06224	6.63419367	0.51210666
10.0789067	6.63396985	0.51179376
10.0955733	6.63666952	0.51144888
10.11224	6.63426431	0.5113038
10.1291667	6.64036844	0.51198924
10.1455733	6.6437431	0.51408258
10.16224	6.63633391	0.51597744
10.1789067	6.64159009	0.51752094
10.196875	6.63696956	0.51875988
10.2135417	6.63189572	0.51907734
10.2299483	6.63829528	0.5198319
10.2455733	6.64091098	0.52146654
10.2640633	6.63622593	0.52290036
10.2789067	6.62865676	0.52338426
10.296615	6.62930769	0.5237256
10.3125	6.61927868	0.52347888
10.3299483	6.61021238	0.52122258
10.3471367	6.61662349	0.5186352
10.3640633	6.61760314	0.51716274
10.38125	6.62065694	0.51624654
10.3981783	6.62826485	0.51617322
10.4145833	6.61878042	0.51585672
10.4289067	6.61494967	0.51461808
10.4476567	6.61932125	0.51366576
10.46224	6.61930173	0.51327174
10.4802083	6.61317378	0.51222696
10.4971367	6.61289269	0.51030006
10.5135417	6.61487675	0.50876046
10.5291667	6.61415983	0.507969
10.546875	6.61718085	0.50749716
10.5632817	6.61932371	0.50741874
10.5802083	6.6228579	0.5078376
10.596875	6.6210224	0.5083578
10.6138033	6.61622234	0.50858112
10.6289067	6.61945396	0.50878416
10.646615	6.62217313	0.50927796
10.66224	6.62174101	0.50996424
10.68047	6.6170232	0.51022866
10.6981783	6.60224504	0.50871516
10.71224	6.60163618	0.50651928
10.7291667	6.60491443	0.5046288
10.746355	6.6100781	0.50315598
10.7640633	6.60962461	0.50227404
10.7799483	6.60875045	0.50131728
10.7971367	6.60663397	0.49998732
10.81224	6.60702562	0.49875768
10.83073	6.60874903	0.49823658
10.8455733	6.60238637	0.4975746
10.8635417	6.61155859	0.4971333
10.8799483	6.62094802	0.49832112
10.896615	6.61130261	0.499656
10.91224	6.60928545	0.50008524
10.93047	6.60763301	0.5003994
10.9455733	6.60364579	0.50033562
10.9625	6.60962345	0.50067798
10.9794283	6.60931614	0.50178492
10.996875	6.60356431	0.50227548
11.0145833	6.60262278	0.50215224
11.0289067	6.61171753	0.5028531
11.0455733	6.61016885	0.50436948
11.06224	6.60389315	0.50546352
11.0791667	6.60312068	0.5059872
11.0955733	6.59949578	0.50603832
11.11224	6.59843633	0.5055861
11.1289067	6.59790671	0.5049552
11.1458333	6.59910571	0.50448738
11.16224	6.60220579	0.50466288
11.1789067	6.6003812	0.50531706
11.196095	6.59941212	0.50575554
11.21224	6.59816516	0.5058222
11.2289067	6.60179615	0.50604918
11.246095	6.60764085	0.5074296
11.2625	6.60495479	0.50938476
11.2791667	6.60386832	0.51116772
11.2955733	6.60428713	0.51270564
11.31224	6.60511752	0.5139717
11.3289067	6.60001633	0.51517962
11.3455733	6.60078524	0.5163471
11.3625	6.59758112	0.51735204
11.3791667	6.59246642	0.5178684
11.396355	6.59901776	0.51874458
11.41224	6.59940776	0.52025106
11.4289067	6.59596703	0.52123254
11.4458333	6.59737111	0.52188978
11.46224	6.59670921	0.52279212
11.4789067	6.59097139	0.52322766
11.4955733	6.58927976	0.5233581
11.51224	6.5829717	0.52313388
11.5289067	6.58330761	0.52239048
11.5455733	6.59244161	0.52252536
11.5627617	6.59036473	0.52325364
11.5789067	6.58525057	0.522756
11.5958333	6.58130619	0.5215557
11.61224	6.58318625	0.52072806
11.6289067	6.58595779	0.52042608
11.6455733	6.59018758	0.52057764
11.66224	6.58970049	0.52141056
11.6794283	6.58712535	0.5222847
11.6955733	6.58589773	0.5227605
11.71224	6.57640191	0.52218954
11.7289067	6.57225942	0.52065648
11.7455733	6.57482376	0.51930816
11.7635417	6.57817477	0.51862278
11.7802083	6.57736352	0.51809946
11.796355	6.57635287	0.51733644
11.8135417	6.57808973	0.51673806
11.8299483	6.57191311	0.51591444
11.846875	6.57844911	0.51475836
11.877345	6.57944614	0.51401658
11.8950533	6.5738472	0.51336762
11.9127617	6.57591639	0.51267792
11.9286467	6.57626531	0.51195912
11.9445317	6.57476257	0.51126486
11.9627617	6.57028481	0.51013596
11.9802083	6.56384028	0.50825418
11.996095	6.56595021	0.50646012
12.0135417	6.57048523	0.50556192
12.0302083	6.57100227	0.5050194
12.046875	6.57638173	0.50501148
12.0638033	6.57277119	0.50533788
12.08047	6.57398312	0.5055987
12.096875	6.5732551	0.50584464
12.1135417	6.56587582	0.50529372
12.1302083	6.57309224	0.50467026
12.146875	6.57985125	0.50537304
12.1638033	6.57852852	0.50658732
12.1791667	6.57143397	0.50729934
12.196875	6.57674091	0.50783514
12.227345	6.57454622	0.50836812
12.2440117	6.56231647	0.50779752
12.2609383	6.5659038	0.50667144
12.278125	6.57135519	0.50628936
12.29375	6.57867906	0.50721102
12.31198	6.57770532	0.50876802
12.3296883	6.57069818	0.50986812
12.3453133	6.56782238	0.51055194
12.3601567	6.56736734	0.51129978
12.3765633	6.56361038	0.51186894
12.39349	6.55961269	0.51183504
12.4111983	6.56723205	0.51201624
12.4302083	6.5719056	0.51288396
12.446875	6.56535427	0.51340824
12.4635417	6.56485661	0.51370254
12.4802083	6.56297395	0.51437646
12.496095	6.56541926	0.51534654
12.5135417	6.57220177	0.51664122
12.5302083	6.57194785	0.51830202
12.546875	6.57010287	0.51990984
12.5632817	6.5613199	0.52082772
12.5802083	6.55383111	0.5205546
12.596875	6.55541398	0.52011798
12.6132817	6.55639617	0.51977118
12.6302083	6.55733341	0.51927516
12.646875	6.55895317	0.51904128
12.6627617	6.56327632	0.5193849
12.6789067	6.56208106	0.52002108
12.6955733	6.55680652	0.52013268
12.71224	6.55580533	0.51984744
12.73073	6.55576063	0.51943266
12.7481783	6.55780258	0.51914196
12.7640633	6.55401912	0.5185833
12.7815117	6.55501177	0.51775368
12.796875	6.5633381	0.51793326
12.8138033	6.56335521	0.51897948
12.8302083	6.55492747	0.51922314
12.8471367	6.55260136	0.51840828
12.8638033	6.5575829	0.51762924
12.88125	6.55585721	0.51718158
12.8984383	6.54694134	0.51624114
12.915105	6.54410376	0.51467856
12.9317717	6.54794842	0.51315414
12.9484383	6.54972715	0.51205176
12.965105	6.55142681	0.51117834
12.9815117	6.54869195	0.51008724
12.9976567	6.55075166	0.5091102
13.0143233	6.54628597	0.5080638
13.0302083	6.53873042	0.50605632
13.0476567	6.54246366	0.50385492
13.065105	6.54314288	0.50191398
13.08047	6.54588269	0.50006652
13.096875	6.55018377	0.4988058
13.1143233	6.55450349	0.49840476
13.1317717	6.55414924	0.49870908
13.146355	6.5455867	0.49853784
13.1640633	6.54731115	0.49796178
13.18073	6.54994087	0.49776042
13.196355	6.54685316	0.49732608
13.2132817	6.54237928	0.4962534
13.2302083	6.55122778	0.4956387
13.2471367	6.55001249	0.49583658
13.2643233	6.54052163	0.49548564
13.2817717	6.54414682	0.49464306
13.2976567	6.54844552	0.49417284
13.315105	6.55073033	0.49421298
13.33047	6.55002724	0.49461228
13.3473967	6.54766659	0.49455168
13.3630217	6.54536536	0.4937784
13.3802083	6.54879361	0.49354938
13.3973967	6.54957031	0.49410558
13.4140633	6.54733898	0.4943619
13.43125	6.55127809	0.49449786
13.4471367	6.55394561	0.49526004
13.465105	6.55314689	0.49631496
13.4817717	6.55722894	0.49744776
13.4984383	6.55727165	0.4986546
13.5145833	6.55256389	0.49962036
13.5315117	6.55104743	0.50066712
13.5455733	6.5508877	0.50183166
13.56224	6.55604736	0.50316732
13.5789067	6.56121097	0.50550372
13.5955733	6.55385788	0.50787936
13.61224	6.55058555	0.50947662
13.6289067	6.54961455	0.51080382
13.6455733	6.54727585	0.5115423
13.66224	6.54578336	0.51177408
13.6789067	6.54594524	0.5120892
13.6955733	6.55145688	0.51310482
13.71224	6.54480009	0.51420522
13.7289067	6.54418771	0.51493182
13.746355	6.54958633	0.51600642
13.7640633	6.54617601	0.51721518
13.78099	6.53842475	0.51755136
13.7989583	6.53840932	0.51720402
13.8138033	6.54381214	0.5173062
13.83099	6.54423742	0.51787116
13.8479167	6.54411207	0.51855486
13.8645833	6.54119803	0.5192775
13.88047	6.53734993	0.51934812
13.8976567	6.54207054	0.51934734
13.9143233	6.54386945	0.51994392
13.9320317	6.53500288	0.51994878
13.9484383	6.53450813	0.5191584
13.9643233	6.53973615	0.51911736
13.9791667	6.539052	0.51948942
13.9971367	6.54097941	0.51944178
14.0132817	6.54422991	0.5195508
14.03125	6.54316211	0.51986412
14.0476567	6.54382478	0.52034424
14.0645833	6.53923508	0.52086798
14.08125	6.53107404	0.52043964
14.09948	6.5336134	0.5196039
14.115625	6.53509625	0.51914508
14.13047	6.5310147	0.51841464
14.1458333	6.53579118	0.5178741
14.1640633	6.53266905	0.51755874
14.1799483	6.53289909	0.51712194
14.1973967	6.53984691	0.51749358
14.2135417	6.53588926	0.51812514
14.2302083	6.53130951	0.51803352
14.2458333	6.53263672	0.51769692
14.2632817	6.53052704	0.51738366
14.28047	6.52624049	0.51650286
14.2973967	6.52792118	0.51535686
14.315105	6.53303214	0.51503706
14.3328133	6.53389671	0.51576894
14.3489583	6.534464	0.51665946
14.3664067	6.53771535	0.51744066
14.3828133	6.53650163	0.51820074
14.39974	6.52809065	0.5182749
14.4143233	6.52428039	0.51746298
14.4291667	6.532741	0.51718818
14.446875	6.53168016	0.5176617
14.4640633	6.5293421	0.51804132
14.4815117	6.53809289	0.51902046
14.49948	6.53496627	0.52033122
14.5164067	6.5220683	0.52017402
14.5346367	6.5271829	0.5193621
14.5518233	6.53232128	0.51949488
14.5690117	6.53072684	0.51988158
14.58698	6.52606114	0.51995556
14.602605	6.51823686	0.51919644
14.61823	6.5235632	0.51815784
14.6351567	6.53229597	0.51844746
14.652605	6.52762773	0.51922698
14.6697917	6.52399807	0.5195994
14.68698	6.52255432	0.5197647
14.703125	6.52080051	0.51934032
14.7197917	6.52633608	0.51893472
14.7361983	6.52344275	0.51881646
14.753125	6.51433777	0.5179212
14.76875	6.52251175	0.51693522
14.78698	6.52521197	0.51681204
14.803125	6.516929	0.51648198
14.8190117	6.52636903	0.51623148
14.8356783	6.53421462	0.51706308
14.8536467	6.52609597	0.5178063
14.8703133	6.5147663	0.51691032
14.88698	6.5133266	0.51500676
14.9015633	6.51801561	0.51363414
14.91849	6.51812191	0.51260166
14.9354167	6.51678638	0.511365
14.9515633	6.52215295	0.51058764
14.9674483	6.5265692	0.51074034
14.9848967	6.52263598	0.5107764
15.0036467	6.51332123	0.50963862
15.0203133	6.51204148	0.50795358
15.03698	6.51229593	0.5061918
15.0520833	6.51916568	0.50479902
15.0690117	6.52972351	0.50497662
15.0856783	6.52249959	0.50580048
15.1036467	6.51623602	0.50550168
15.1200533	6.51316268	0.50472198
15.13672	6.51371419	0.50410374
15.1536467	6.52124616	0.50435394
15.1703133	6.52041082	0.50521944
15.1864583	6.51524577	0.5053437
15.202865	6.51438669	0.50495592
15.2203133	6.50996672	0.504348
15.23698	6.51397284	0.50378136
15.252865	6.52123132	0.50417286
15.2695317	6.52188823	0.50506458
15.28698	6.51966552	0.50572626
15.3036467	6.51990251	0.50637888
15.3200533	6.51866756	0.50704212
15.33698	6.51799788	0.50744208
15.3533867	6.51796131	0.50778396
15.3692717	6.51796249	0.5080509
15.38698	6.51778341	0.5080473
15.4036467	6.52415772	0.50846598
15.41875	6.53252135	0.51034842
15.4348967	6.5259054	0.51260664
15.4489583	6.51930454	0.51403596
15.464845	6.52124033	0.51519882
15.4822917	6.52264926	0.51682266
15.4986983	6.521285	0.51856992
15.514845	6.51983843	0.51984864
15.5315117	6.5218038	0.5210619
15.54922	6.52854444	0.52316112
15.5661467	6.52419742	0.5255046
15.583595	6.52093087	0.5273604
15.5989583	6.52120559	0.52920924
15.6161467	6.51334704	0.5303064
15.633595	6.51370989	0.5306952
15.6502617	6.51508871	0.53155506
15.6664067	6.51077353	0.53225334
15.6815117	6.51050474	0.53255154
15.6984383	6.50772796	0.53232474
15.715105	6.50592906	0.53164188
15.7322917	6.50666258	0.53112882
15.7484383	6.50780476	0.53090376
15.7640633	6.51171794	0.5310894
15.7802083	6.50972122	0.531327
15.796095	6.50407188	0.53084544
15.8130217	6.50237366	0.5298393
15.83099	6.50692415	0.52902984
15.8489583	6.5108131	0.52889838
15.8671883	6.50677131	0.52897272
15.8833333	6.50533816	0.5289021
15.9	6.51234533	0.52927002
15.9143233	6.50732019	0.52964004
15.9289067	6.5060237	0.529566
15.9455733	6.50522367	0.5294025
15.96224	6.50221276	0.52875888
15.9789067	6.50557185	0.52805262
15.9955733	6.50318294	0.5275947
16.01224	6.50163991	0.52690416
16.0289067	6.49658821	0.5256939
16.0455733	6.49396288	0.5241396
16.06224	6.49774579	0.52283766
16.0789067	6.49579227	0.52160862
16.0955733	6.49290545	0.51988788
16.11224	6.50075221	0.51823566
16.13047	6.49810744	0.51691896
16.1471367	6.48974585	0.5151609
16.1638033	6.49579537	0.51345804
16.18073	6.49799137	0.51227682
16.1976567	6.49915376	0.51113418
16.214845	6.50377708	0.51042162
16.23125	6.50541077	0.51020802
16.2471367	6.50770246	0.51043758
16.264845	6.50440931	0.51075312
16.28125	6.50567993	0.51101664
16.2984383	6.50614728	0.51150312
16.315625	6.50607096	0.5118165
16.3322917	6.50853518	0.51209784
16.3476567	6.50523046	0.51258246
16.3632817	6.50631567	0.51339468
16.3828133	6.50523068	0.5144568
16.3986983	6.49953341	0.51484578
16.415365	6.49706971	0.51440658
16.4315117	6.49632729	0.51354588
16.4481783	6.4940657	0.51211938
16.4645833	6.49986181	0.51102084
16.4820317	6.49695351	0.51046068
16.4971367	6.49124864	0.5095431
16.5132817	6.49275826	0.5083734
16.5291667	6.49390951	0.5073945
16.546875	6.49890598	0.50667996
16.5635417	6.49872856	0.5063286
16.58047	6.4988931	0.50611956
16.5979167	6.49522122	0.50572554
16.615625	6.49516657	0.50504904
16.6322917	6.4968858	0.50450496
16.6486983	6.49797178	0.50416206
16.6640633	6.50336916	0.50426406
16.6799483	6.50239136	0.50474664
16.6979167	6.49834851	0.50503848
16.7132817	6.50042051	0.50516928
16.7296883	6.50153386	0.50524464
16.7471367	6.50164919	0.50526366
16.7770833	6.50361861	0.5053419
16.79349	6.50223227	0.50534148
16.8104167	6.49863391	0.50495472
16.827605	6.50107031	0.50445072
16.8453133	6.49736241	0.50379948
16.8630217	6.49490107	0.50284446
16.877865	6.4990253	0.50229642
16.8955733	6.49863776	0.50200032
16.91172	6.49806318	0.5014074
16.9286467	6.49037758	0.50015484
16.9442717	6.48776544	0.4981485
16.9611983	6.4932962	0.49640544
16.977605	6.50034009	0.49566102
16.9950533	6.50708285	0.4958835
17.0114583	6.50785854	0.49681338
17.028125	6.50179835	0.49729932
17.0450533	6.50192173	0.4972281
17.0640633	6.50281231	0.49742886
17.08125	6.49987889	0.49756794
17.096875	6.50196481	0.49753524
17.1125	6.50174099	0.49777188
17.13099	6.50191863	0.49800396
17.1484383	6.50255579	0.49830228
17.164845	6.50868971	0.49891932
17.1799483	6.50512683	0.49961592
17.1958333	6.50472972	0.50017266
17.2125	6.50784791	0.50093394
17.23047	6.49688018	0.5012358
17.2471367	6.49819523	0.50116524
17.2635417	6.50475694	0.50160186
17.2802083	6.50260527	0.50204676
17.296615	6.50465519	0.50233782
17.31224	6.50366966	0.50271588
17.3299483	6.50111931	0.5030121
17.346875	6.5007276	0.50321664
17.3638033	6.50136613	0.50348142
17.3796883	6.50383555	0.5039436
17.3973967	6.50682391	0.50470542
17.414845	6.50138109	0.5053824
17.4330733	6.49404227	0.50522472
17.4505217	6.49807036	0.5049186
17.46823	6.50255432	0.50522748
17.4846367	6.50671057	0.50629026
17.502865	6.50956713	0.50830872
17.5192717	6.50953311	0.51029478
17.5361983	6.50660458	0.5116788
17.5536467	6.50491698	0.51260772
17.571095	6.50060484	0.51290604
17.5877617	6.5056775	0.51324606
17.6036467	6.50425329	0.51402216
17.6190117	6.50306352	0.5145594
17.6348967	6.51220759	0.51550662
17.6505217	6.50405057	0.51653712
17.6677083	6.50029345	0.5168967
17.6848967	6.49921068	0.51707592
17.7013033	6.49993862	0.51716412
17.7195317	6.50521504	0.5174043
17.7356783	6.50530634	0.5179047
17.752605	6.50129554	0.51814494
17.76823	6.50065756	0.51811746
17.7833333	6.49552007	0.5180493
17.8007817	6.49080093	0.51739176
17.8177083	6.49751748	0.51661962
17.833595	6.50130818	0.51662922
17.8471367	6.50010185	0.51711312
17.8638033	6.49940052	0.51761226
17.8802083	6.49446684	0.51783816
17.8981783	6.49663664	0.5179263
17.915625	6.49720016	0.51819564
17.933855	6.49705565	0.51835176
17.9520833	6.49740363	0.51827292
17.96797	6.50103207	0.51824022
17.984375	6.50191509	0.51855984
18.0020833	6.49528158	0.51853572
18.0177083	6.49843114	0.51820326
18.034375	6.49399252	0.51761484
18.0515633	6.48884123	0.51605466
18.0677083	6.49606215	0.5147787
18.083855	6.4926147	0.51399576
18.1015633	6.490815	0.51305328
18.1190117	6.49809765	0.51269472
18.13698	6.49500496	0.51266142
18.1552083	6.49435827	0.5122332
18.1723967	6.49677935	0.51186066
18.189845	6.49659248	0.51146922
18.2067717	6.49713441	0.51102858
18.2231783	6.49546701	0.51057114
18.240625	6.49517333	0.51007482
18.2570317	6.49777571	0.50980704
18.2739583	6.49456481	0.50918742
18.2916667	6.49653601	0.50827788
18.3075533	6.50035615	0.50819478
18.3236983	6.4941304	0.50812716
18.340365	6.49819082	0.50798712
18.35599	6.50454389	0.50867616
18.3726567	6.49972658	0.50928996
18.390105	6.49178793	0.50853702
18.40547	6.48670146	0.50695986
18.4195317	6.48521024	0.50525028
18.4325533	6.48961488	0.50372082
18.4510417	6.48816629	0.5023422
18.4695317	6.488489	0.5009193
18.48672	6.49084876	0.499902
18.5125	6.4924614	0.49917258
18.5257817	6.49917135	0.49878654
18.5388033	6.50139959	0.49891152
18.552865	6.50397891	0.49948674
18.5658867	6.49653118	0.49974528
18.5794283	6.50168636	0.4998735
18.5955733	6.50281954	0.50070462
18.615105	6.49439813	0.50110458
18.6302083	6.49715832	0.50098716
18.6455733	6.49321531	0.5007522
18.66224	6.49039373	0.49985844
18.6825533	6.49163739	0.49886982
18.7020833	6.49430298	0.49846182
18.7197917	6.49568903	0.49853706
18.7385417	6.49151435	0.49850958
18.75599	6.49768948	0.49854672
18.7791667	6.50295361	0.4994235
18.8015633	6.49931251	0.50038944
18.821355	6.49661603	0.50053194
18.83724	6.50398627	0.50133108
18.8518233	6.49828904	0.50254752
18.86797	6.49330356	0.5027934
18.8846367	6.49672512	0.50286288
18.9013033	6.49711066	0.50297778
18.9174483	6.49713553	0.5025453
18.934115	6.50128172	0.50260866
18.9510417	6.51002034	0.50453574
18.9671883	6.50821955	0.50664216
18.9854167	6.50733339	0.50843928
19.0020833	6.50887854	0.5104059
19.01823	6.50887461	0.51231504
19.0348967	6.5047503	0.51385176
19.0515633	6.50050194	0.51476052
19.0671883	6.50229652	0.51552732
19.0825533	6.49655234	0.51606252
19.0989583	6.49497074	0.51613458
19.1130217	6.49734848	0.5161845
19.1411467	6.4996211	0.5167674
19.1596367	6.49878258	0.51769074
19.177865	6.49644718	0.51824946
19.196355	6.49824714	0.51886854
19.2143233	6.49949584	0.51976878
19.23047	6.50525271	0.5210685
19.246355	6.5043605	0.5229189
19.271615	6.50049496	0.52437588
19.2882817	6.49492426	0.5248047
19.30573	6.48973592	0.52424466
19.3234383	6.49162012	0.5235075
19.3416667	6.49055764	0.52280658
19.359115	6.48414279	0.52153566
19.377865	6.49373355	0.52052538
19.3927083	6.49981947	0.52066872
19.409375	6.48206592	0.5197578
19.4263033	6.47912136	0.51742596
19.4414067	6.49054859	0.5158656
19.4567717	6.49083536	0.51509598
19.4729167	6.49919286	0.51491298
19.489845	6.50298685	0.51571674
19.50599	6.48542863	0.51554958
19.5239583	6.47807073	0.51335436
19.5390633	6.48806405	0.5115933
19.5546883	6.49141624	0.51049254
19.5690117	6.49023982	0.50919906
19.584375	6.49388136	0.50823558
19.6018233	6.49757654	0.5080791
19.61823	6.4962027	0.50819136
19.6351567	6.49352388	0.50787486
19.6518233	6.49352803	0.50734572
19.66849	6.4892993	0.50654478
19.684375	6.48848407	0.5053938
19.7002617	6.48613645	0.50414748
19.7174483	6.48343984	0.50255304
19.7317717	6.48562466	0.50079336
19.7484383	6.48612628	0.49893372
19.7666667	6.48750071	0.4971369
19.784115	6.48595743	0.49523472
19.8018233	6.48537931	0.49344558
19.8169283	6.49349058	0.49243788
19.8322917	6.49894804	0.4926357
19.84922	6.50150559	0.49329624
19.8666667	6.50309744	0.49404822
19.8859383	6.50044718	0.4945401
19.902345	6.49622166	0.494478
19.9177083	6.49434271	0.49395294
19.9351567	6.49378243	0.4931952
19.9544283	6.50353831	0.49341534
19.9695317	6.51049854	0.49526322
19.9851567	6.50096988	0.49671018
20.0018233	6.50070667	0.49734774
20.01849	6.49380188	0.49719042
20.0351567	6.48687188	0.49557642
20.0518233	6.49976163	0.4947141
20.0658867	6.49660636	0.49532202
20.0924483	6.49273992	0.49571676
20.109115	6.49769499	0.49592268
20.12422	6.49706746	0.4961226
20.1414067	6.49043754	0.49557708
20.1583333	6.48484753	0.49401222
20.17448	6.49339885	0.49241028
20.190365	6.49588638	0.49170288
20.20599	6.49832078	0.49155144
20.221875	6.50607147	0.49215996
20.23724	6.49952871	0.49300152
20.252345	6.49506094	0.49331508
20.2677083	6.49933503	0.49370958
20.284115	6.50505959	0.49462668
20.29948	6.50989423	0.49607556
20.3140633	6.50317437	0.49725216
20.3299483	6.50423502	0.49809498
20.3471367	6.49834505	0.4984923
20.365365	6.4871769	0.49763298
20.384375	6.49287497	0.49603206
20.4013033	6.49936361	0.49506252
20.41823	6.49926692	0.49446492
20.4351567	6.50555141	0.49443978
20.4505217	6.51257077	0.49536984
20.4677083	6.50605888	0.4963968
20.4848967	6.50099234	0.49671006
20.5013033	6.50134087	0.49640604
20.51849	6.50023193	0.49566084
20.5351567	6.49994703	0.49506102
20.5518233	6.49864497	0.49478064
20.5677083	6.50427912	0.49511772
20.5851567	6.5091575	0.49657284
20.6	6.50293767	0.49774038
20.614845	6.50067626	0.4980063
20.6302083	6.4970665	0.49782594
20.646875	6.49658803	0.49734966
20.6635417	6.50335459	0.4973925
20.68099	6.50591664	0.49828584
20.6955733	6.51023264	0.49971276
20.71224	6.50791048	0.50112558
20.7289067	6.50390247	0.50190612
20.746615	6.50115703	0.50218788
20.7640633	6.49850127	0.50191848
20.7794283	6.50143888	0.50158434
20.796355	6.50158796	0.50137416
20.8138033	6.50221643	0.50083662
20.83047	6.50231809	0.5001204
20.8481783	6.50166122	0.49938378
20.8632817	6.50721882	0.49907676
20.88047	6.5044485	0.49910442
20.8971367	6.50612229	0.49911678
20.9143233	6.514005	0.50005254
20.93099	6.50980185	0.50149932
20.9476567	6.50833845	0.5026569
20.9635417	6.50383982	0.50325678
20.98047	6.50153686	0.503007
20.996615	6.50345989	0.5023782
21.0138033	6.50578029	0.50203098
21.03047	6.50899123	0.50244888
21.046875	6.50819716	0.50329458
21.06224	6.5050612	0.50381166
21.0799483	6.50327634	0.50389146
21.096095	6.50077707	0.50359662
21.1135417	6.49690358	0.50257542
21.13099	6.49874937	0.50105418
21.1476567	6.49768333	0.49958796
21.1645833	6.50245127	0.49863558
21.1825533	6.50880173	0.49872978
21.19922	6.50410429	0.49919166
21.215365	6.49771494	0.49871154
21.2296883	6.49970246	0.49751172
21.2455733	6.50412871	0.49660416
21.26224	6.50347817	0.49612374
21.2802083	6.50237113	0.49573302
21.2973967	6.50256429	0.49542144
21.3132817	6.50180157	0.49511004
21.33047	6.50392001	0.49469202
21.346095	6.51416534	0.49499814
21.3632817	6.5185086	0.49645464
21.3796883	6.51182714	0.497901
21.3973967	6.50774696	0.49862334
21.4135417	6.50679176	0.49900266
21.43073	6.50778917	0.4993668
21.4471367	6.51063812	0.49983492
21.4632817	6.51086715	0.50006508
21.48047	6.50368849	0.49959084
21.4986983	6.49864207	0.49838832
21.515105	6.50621663	0.49766706
21.5320317	6.50812872	0.49796466
21.5476567	6.50664855	0.49836204
21.565625	6.50589162	0.49838922
21.5828133	6.50051727	0.4977201
21.6002617	6.50086626	0.496518
21.6174483	6.50569339	0.49563624
21.6348967	6.50737862	0.49518702
21.6513033	6.51276058	0.4952613
21.66823	6.51723102	0.49616244
21.6854167	6.51577524	0.49739028
21.7020833	6.51713089	0.49853448
21.7190117	6.51337172	0.49921866
21.7346367	6.5065734	0.49898484
21.7507817	6.50760427	0.49870062
21.7674483	6.51371482	0.49948434
21.7846367	6.51530824	0.50069214
21.802605	6.50780895	0.50104008
21.8195317	6.50515434	0.50066106
21.8356783	6.50758099	0.50043582
21.852605	6.50765566	0.50037654
21.86875	6.51187159	0.50033526
21.8859383	6.51437165	0.50050656
21.902865	6.50657894	0.50010192
21.91875	6.49965254	0.49852116
21.9346367	6.50253677	0.49694844
21.9505217	6.50448002	0.4960344
21.9677083	6.50085923	0.49498932
21.984115	6.50251184	0.49369554
22.0018233	6.50594769	0.4926594
22.01875	6.50831207	0.49202064
22.0356783	6.51324505	0.49201782
22.053125	6.51511594	0.4926204
22.0692717	6.5081282	0.49266498
22.08672	6.50343275	0.49149624
22.1039067	6.50544607	0.48996462
22.121095	6.508344	0.48905124
22.1385417	6.51310999	0.48895422
22.1539067	6.51492236	0.48953616
22.171095	6.51600575	0.4902315
22.1877617	6.51657619	0.49075158
22.2049483	6.51482532	0.49099944
22.221615	6.51292296	0.49093386
22.239845	6.5112927	0.49069806
22.2567717	6.51563354	0.49062174
22.2739583	6.51951309	0.4909956
22.290105	6.51786607	0.49172538
22.3052083	6.50732766	0.49166214
22.3205733	6.50295147	0.49024728
22.33672	6.51206388	0.48907692
22.3520833	6.51715633	0.48907548
22.3661467	6.51538348	0.4894419
22.3789067	6.5123873	0.48957192
22.3955733	6.51470958	0.48954732
22.4125	6.52020896	0.48998424
22.4289067	6.51884571	0.49069506
22.4455733	6.51936945	0.4914939
22.46224	6.51816242	0.4923765
22.4789067	6.51247642	0.49270284
22.4955733	6.51528821	0.49289982
22.51224	6.51933775	0.49381674
22.53047	6.51924959	0.49493304
22.5471367	6.51491547	0.49563852
22.5635417	6.51228408	0.49590018
22.5791667	6.51429253	0.49589334
22.5973967	6.51602215	0.49586022
22.6138033	6.52066503	0.49646064
22.63047	6.52472327	0.49811802
22.646615	6.52251802	0.50022564
22.6638033	6.52025611	0.50177562
22.68047	6.51780512	0.50264742
22.6973967	6.51365288	0.50304726
22.7263033	6.51393863	0.5031627
22.7414067	6.51775285	0.50319168
22.758595	6.51469927	0.50294628
22.77422	6.51132564	0.50221764
22.7895833	6.51081851	0.5015892
22.8075533	6.51093964	0.5008581
22.8239583	6.51294868	0.49988946
22.840105	6.51309867	0.49884036
22.85625	6.52342296	0.49844418
22.8723967	6.52628464	0.49919784
22.889845	6.51598236	0.49964196
22.9078133	6.51745315	0.499362
22.9234383	6.51863418	0.49912518
22.940105	6.51709446	0.49888332
22.9572917	6.52059466	0.49869348
22.97422	6.51219129	0.49806144
22.9895833	6.50680504	0.49677282
23.00547	6.51345226	0.49549512
23.021095	6.52133097	0.4949457
23.0359383	6.52412122	0.49522242
23.04948	6.51415572	0.49512
23.077605	6.51373612	0.4941585
23.0942717	6.51755178	0.49320438
23.1098967	6.51595255	0.49229796
23.1255217	6.51470629	0.49123512
23.1424483	6.51667202	0.49025784
23.1578133	6.51617298	0.48953256
23.1729167	6.51157164	0.48857472
23.1890633	6.51088369	0.48706044
23.2044283	6.50818253	0.4851018
23.221615	6.51028899	0.48323454
23.23672	6.51240796	0.48181026
23.2541667	6.50857592	0.47999148
23.2723967	6.51217673	0.47787108
23.2895833	6.51794792	0.47655588
23.3065117	6.52394932	0.47609958
23.3226567	6.52336645	0.47623626
23.3380217	6.52556508	0.47631984
23.3539067	6.52572549	0.47630616
23.3703133	6.52158185	0.47620512
23.38672	6.52914057	0.47644104
23.402345	6.53236954	0.4769772
23.4190117	6.52799842	0.47709726
23.43672	6.52355433	0.47693622
23.4546883	6.52312945	0.47660742
23.471095	6.52414933	0.4763268
23.4861983	6.52750638	0.47642562
23.502345	6.52647954	0.47659788
23.521355	6.52604851	0.4766883
23.5390633	6.52679925	0.47661522
23.5552083	6.52726561	0.47643
23.571355	6.52413936	0.47588628
23.5890633	6.52508258	0.47494398
23.6072917	6.52663429	0.47417034
23.6236983	6.52657117	0.47355102
23.639845	6.53017986	0.47308056
23.6567717	6.53371339	0.47312604
23.6739583	6.53605664	0.47374764
23.6911467	6.5329576	0.47431902
23.708595	6.52782522	0.47412606
23.7252617	6.52607447	0.47347344
23.740365	6.5276711	0.47325456
23.7572917	6.52898914	0.47340774
23.7757817	6.52819426	0.47312712
23.79349	6.53023635	0.47253852
23.8065117	6.54847167	0.47340732
23.8171883	6.53940882	0.47507178
23.8330733	6.53176578	0.47548836
23.8455733	6.5335607	0.4751445
23.86224	6.53117609	0.47448096
23.8789067	6.53230812	0.47355996
23.8955733	6.53684948	0.4729401
23.91224	6.53447342	0.47248428
23.9289067	6.53063925	0.4714782
23.9458333	6.53336068	0.4703565
23.9632817	6.53035617	0.46915848
23.98073	6.53400149	0.4676361
23.996095	6.53413149	0.4662759
24.0135417	6.53094482	0.4646277
24.0302083	6.53052596	0.4624275
24.0473967	6.53117363	0.46020426
24.0630217	6.53411414	0.45812718
24.0796883	6.54091809	0.45670128
24.096355	6.54150285	0.4555923
24.1130217	6.53773262	0.45406842
24.1299483	6.54171772	0.452379
24.1473967	6.54852019	0.45107868
24.1630217	6.55041223	0.45005478
24.1802083	6.54584855	0.4486242
24.1973967	6.54338802	0.44689836
24.2130217	6.5408005	0.4446312
24.23047	6.54301039	0.44170164
24.2473967	6.54963082	0.43909656
24.2635417	6.54807117	0.43671546
24.28073	6.5398614	0.4336164
24.2973967	6.54797303	0.43021164
24.3140633	6.55762764	0.42788004
24.33073	6.55126952	0.42552234
24.3473967	6.54396645	0.42114246
24.3640633	6.54628094	0.4158108
24.38073	6.54886845	0.41069118
24.3973967	6.54887748	0.40613676
24.4130217	6.55385755	0.40196106
24.4299483	6.55325475	0.39741186
24.446615	6.55261184	0.39225888
24.46224	6.55698669	0.3867198
24.48073	6.55427175	0.3809889
24.496615	6.54882764	0.37460538
24.5132817	6.55896714	0.36787476
24.5291667	6.5683982	0.36288954
24.5455733	6.56715276	0.3588819
24.5635417	6.5727138	0.35426622
24.5791667	6.5728468	0.34904172
24.596615	6.57135193	0.34333086
24.6130217	6.57728814	0.337845
24.6302083	6.57442747	0.33192954
24.6473967	6.57732981	0.3249498
24.6627617	6.5835303	0.31781898
24.68047	6.58238472	0.31031178
24.6973967	6.58508967	0.30218922
24.7140633	6.5904857	0.29445684
24.73073	6.58762816	0.28664028
24.746875	6.58448715	0.27754248
24.7640633	6.59202212	0.26810556
24.78125	6.60193436	0.25961712
24.796095	6.60465531	0.25170732
24.8130217	6.61147042	0.24572616
24.8302083	6.61866777	0.2399829
24.8473967	6.6147368	0.23276406
24.8638033	6.61268301	0.22529028
24.88073	6.62523653	0.21925884
24.8973967	6.63634615	0.21453132
24.9140633	6.64415105	0.20938596
24.93047	6.64413384	0.2035332
24.9473967	6.63725641	0.19516314
24.9640633	6.64734464	0.1853091
24.98073	6.65631395	0.17752614
24.9976567	6.65898084	0.17089902
25.0140633	6.66979688	0.16418952
25.03099	6.67991021	0.15800028
25.0473967	6.68482984	0.15254712
25.0632817	6.68133338	0.1478448
25.0802083	6.66176062	0.1406229
25.1049483	6.67159053	0.13083006
25.121615	6.69614463	0.123417
25.140105	6.70436389	0.11781702
25.15547	6.70799542	0.11532864
25.17448	6.70267778	0.11234184
25.1947917	6.71728617	0.10621872
25.2127617	6.73076786	0.10159452
25.227865	6.74543718	0.0977811
25.2427083	6.75883515	0.0939411
25.2578133	6.75521343	0.09011406
25.2752617	6.75127211	0.08602386
25.2924483	6.76570352	0.08162592
25.308855	6.78673129	0.0790728
25.32474	6.7894632	0.07716684
25.3411467	6.78002787	0.07458114
25.359115	6.79038695	0.07215966
25.3755217	6.80944918	0.06834828
25.3911467	6.81020247	0.06417312
25.409375	6.81265662	0.06152214
25.4268233	6.77537231	0.0574308
25.4578133	6.77979793	0.05004432
25.47448	6.83130285	0.04379904
25.4916667	6.82861718	0.03898878
25.5096367	6.82584501	0.03414426
25.5270833	6.85624625	0.03255222
25.5408867	6.86766339	0.03342108
25.5575533	6.85971201	0.03299088
25.5736983	6.87576162	0.0317775
25.589845	6.87585587	0.03060462
25.6065117	6.87662341	0.0290913
25.6221367	6.87921205	0.02626374
25.640365	6.89015925	0.02337816
25.6575533	6.90573975	0.02386584
25.67422	6.90641557	0.02540958
25.690625	6.90804845	0.02384646
25.7080733	6.92471861	0.02204316
25.72422	6.94164691	0.0187431
25.740105	6.93166482	0.0156258
25.7580733	6.93085919	0.01396254
25.7739583	6.95066386	0.01129332
25.789845	6.94808092	0.00919698
25.8070317	6.9500405	0.00696318
25.8236983	6.95693637	0.005046
25.840625	6.96306489	0.003666
25.8570317	6.98128018	0.00348
25.8726567	6.9803474	0.002394
25.889845	6.99463664	0.001092
25.9041667	7.0058352	0.0005292
25.921615	6.98890383	-0.001446
25.9395833	7.00123786	-0.004038
25.9544283	7.0188408	-0.005736
25.9700533	7.01765257	-0.0067824
25.9859383	7.02000791	-0.00694524
26.002605	7.03047376	-0.005868
26.01797	7.0525751	-0.005346
26.0315117	7.05987072	-0.004104
26.046875	7.05562348	-0.000213
26.0638033	7.0663667	0.00372
26.0791667	7.06040107	0.003792
26.096875	7.05786877	0.000792
26.1138033	7.06555765	-0.00198
26.13073	7.0724396	-0.004542
26.146615	7.0843549	-0.0072573
26.1640633	7.09457533	-0.00786504
26.1799483	7.09148233	-0.0088719
26.1971367	7.08729863	-0.01315956
26.2140633	7.10291148	-0.0162522
26.2302083	7.10984598	-0.01700226
26.2473967	7.11039083	-0.01637946
26.2640633	7.11362288	-0.01575102
26.28073	7.11467839	-0.01766472
26.2979167	7.12835914	-0.01797204
26.3140633	7.14387318	-0.01658136
26.33125	7.15795769	-0.01286826
26.3476567	7.16874787	-0.00792708
26.3640633	7.17601932	-0.005448
26.3796883	7.1718624	-0.003858
26.3971367	7.1681845	-0.003726
26.4140633	7.18471808	-0.004236
26.43099	7.19111311	-0.004146
26.4479167	7.19611614	-0.004416
26.4627617	7.20864807	-0.004188
26.4789067	7.21207012	-0.003354
26.4955733	7.21173794	-0.002814
26.51224	7.21213187	-0.00309
26.5299483	7.22529358	0.0003228
26.5455733	7.24413128	0.005232
26.56224	7.23243709	0.00649848
26.5825533	7.22300404	0.004818
26.6018233	7.1791841	-0.000351
26.6359383	7.18963054	-0.00745686
26.6533867	7.27140777	-0.00864324
26.6697917	7.27166745	-0.00504
26.6885417	7.28257074	-0.001254
26.7044283	7.30906277	0.003168
26.7200533	7.30861012	0.008064
26.73698	7.28936459	0.01096458
26.7565117	7.29437484	0.01246746
26.7736983	7.31245231	0.01565886
26.7919283	7.30993965	0.01852476
26.8109383	7.30987955	0.01971606
26.8296883	7.25277255	0.01769682
26.8643233	7.25944705	0.0137508
26.884115	7.33943357	0.01450812
26.9	7.34182566	0.0171111
26.9195317	7.3383809	0.01736292
26.9361983	7.3354815	0.01367706
26.95599	7.31984912	0.00847728
26.977345	7.32532901	0.004728
26.9976567	7.33860073	0.001428
27.0177083	7.3464327	0.000228
27.03698	7.34839282	0.001476
27.0565117	7.36311443	0.003474
27.0729167	7.3993824	0.005586
27.0877617	7.39274824	0.0072003
27.10599	7.38679628	0.0073956
27.121875	7.41052434	0.00788562
27.1375	7.40352868	0.00881088
27.1565117	7.39367447	0.0057
27.1752617	7.38864869	0.00147
27.1940117	7.39963054	-0.0002718
27.209375	7.42991865	0.000828
27.22474	7.43242651	0.004662
27.2408867	7.42961663	0.00908826
27.25625	7.43784311	0.01121616
27.271095	7.42680332	0.0110613
27.28724	7.42152062	0.00809658
27.3036467	7.43726375	0.004272
27.3197917	7.44150351	0.003672
27.3364583	7.43378861	0.004224
27.3549483	7.4420873	0.00381
27.371615	7.45803092	0.00345
27.3875	7.45696403	0.003324
27.4044283	7.46052932	0.003666
27.4203133	7.47115808	0.004908
27.43672	7.47359901	0.00702126
27.453125	7.46956656	0.0064335
27.4697917	7.46824242	0.003312
27.48672	7.47587749	0.001284
27.502345	7.49242591	0.00075
27.5174483	7.49234421	0.002544
27.5346367	7.50098857	0.0064152
27.54974	7.50843437	0.00968466
27.5666667	7.49564852	0.00972426
27.583855	7.46147907	0.00652884
27.6132817	7.47044553	0.002286
27.6302083	7.52375005	0.0001176
27.6458333	7.52924227	8.10E-05
27.6635417	7.52851485	0.000708
27.68099	7.53610453	0.000996
27.6973967	7.54010918	0.001338
27.7135417	7.53361043	0.001788
27.73073	7.54186652	0.00204
27.746875	7.55248185	0.002544
27.7635417	7.54759376	0.002274
27.78047	7.5485036	0.001152
27.7981783	7.5410229	-0.000387
27.8190117	7.53070418	-0.003678
27.8414067	7.55053345	-0.0066402
27.8575533	7.59548882	-0.00549
27.871095	7.59589661	-0.002658
27.88672	7.57871584	-0.003672
27.903125	7.57556524	-0.005862
27.9200533	7.57946168	-0.005892
27.9364583	7.58818813	-0.0065256
27.953125	7.59012772	-0.00762252
27.9700533	7.59356768	-0.00841002
27.98672	7.60281245	-0.00876882
28.003125	7.6076854	-0.00884298
28.0190117	7.62445193	-0.0074943
28.033595	7.63254124	-0.004308
28.05	7.6348934	-0.00057
28.065625	7.63656337	0.003318
28.0817717	7.63077012	0.00638142
28.0979167	7.62816814	0.007629
28.1138033	7.63062538	0.00750966
28.1302083	7.63008453	0.00759066
28.1479167	7.63003029	0.00867516
28.164845	7.62804707	0.0098466
28.1828133	7.62603935	0.0081513
28.2002617	7.63644789	0.00483
28.215625	7.64309071	0.002544
28.2320317	7.64564673	0.000399
28.2481783	7.64794999	-0.001842
28.2643233	7.65510692	-0.003654
28.28047	7.66338648	-0.004452
28.2973967	7.66191317	-0.004608
28.314845	7.66242497	-0.004884
28.3317717	7.66719647	-0.004584
28.3481783	7.67529903	-0.002052
28.3640633	7.67955509	0.00174
28.3820317	7.68257307	0.004542
28.39948	7.68731559	0.003756
28.4140633	7.69331572	0.001722
28.4302083	7.69520952	0.0002202
28.4476567	7.7088319	0.0001314
28.4632817	7.71220897	0.000738
28.48047	7.70526076	0.00105
28.496615	7.71442725	0.001206
28.5127617	7.71775906	0.001776
28.5299483	7.71885224	0.002382
28.546875	7.71680147	0.0024
28.5640633	7.71786815	0.00147
28.5815117	7.71789026	-0.0005178
28.59948	7.70485472	-0.003576
28.6208333	7.68322418	-0.00828942
28.6549483	7.68054738	-0.01463328
28.6859383	7.70708486	-0.01975008
28.7018233	7.75017668	-0.02101308
28.71797	7.75376487	-0.0196218
28.733595	7.76051169	-0.01762986
28.7505217	7.76508596	-0.01548354
28.7671883	7.77725375	-0.01215288
28.7820317	7.77931219	-0.00858204
28.7979167	7.7748204	-0.005958
28.8143233	7.77383114	-0.00399
28.83073	7.78453743	-0.001872
28.846615	7.78922787	0.000768
28.8635417	7.78249638	0.00282
28.88047	7.77726384	0.003774
28.896615	7.77929996	0.00417
28.9138033	7.78634012	0.004206
28.9317717	7.79475662	0.002748
28.946615	7.79873281	0.000942
28.9638033	7.79290888	0.000156
28.98099	7.79545473	0.001176
28.9989583	7.80124966	0.001818
29.015625	7.80985789	0.002916
29.03099	7.8054346	0.003822
29.0479167	7.80130684	0.00384
29.0640633	7.81046122	0.004092
29.08125	7.8187075	0.004872
29.096355	7.81284972	0.00501
29.1140633	7.81255794	0.004404
29.1291667	7.82091412	0.004302
29.1471367	7.82393718	0.004848
29.1630217	7.82465029	0.005796
29.18099	7.82853298	0.00712932
29.1973967	7.82978525	0.00863868
29.2138033	7.82764906	0.01078656
29.2296883	7.82978279	0.0127053
29.2473967	7.83252463	0.01261524
29.2643233	7.84909342	0.0124911
29.2791667	7.84197891	0.01295022
29.2973967	7.83232037	0.01232394
29.3145833	7.84290269	0.01039134
29.33125	7.85012442	0.00852942
29.346615	7.85262103	0.00734478
29.3635417	7.85795265	0.00642666
29.3799483	7.85664104	0.005004
29.3973967	7.85440091	0.00273
29.414845	7.86035684	0.001026
29.4317717	7.86500349	0.0001812
29.44948	7.87055138	-0.000462
29.4666667	7.87075782	-0.001368
29.4830733	7.87402084	-0.002694
29.49974	7.87500698	-0.00378
29.5169283	7.87784171	-0.004422
29.5330733	7.88054495	-0.004956
29.5510417	7.88510518	-0.004914
29.5674483	7.88728191	-0.004914
29.5851567	7.88840279	-0.005442
29.6015633	7.89080761	-0.005922
29.6195317	7.89000492	-0.005922
29.6354167	7.89657163	-0.00621378
29.6513033	7.90706127	-0.00602178
29.6671883	7.91301278	-0.004908
29.6822917	7.90800443	-0.004428
29.6989583	7.90369624	-0.005022
29.715625	7.90604504	-0.00625332
29.7325533	7.91180979	-0.00714738
29.7479167	7.92507281	-0.00712344
29.7627617	7.92620799	-0.0064512
29.7802083	7.92054379	-0.006
29.796615	7.92052212	-0.00588
29.8140633	7.91476053	-0.00712566
29.8320317	7.91093261	-0.00959922
29.85	7.92134568	-0.01141758
29.865105	7.94235792	-0.01155498
29.88047	7.93816407	-0.01106946
29.8981783	7.93526585	-0.011418
29.9138033	7.94341896	-0.01142172
29.9296883	7.94834231	-0.01047456
29.9458333	7.94692842	-0.00870156
29.9635417	7.94143615	-0.00769176
29.98047	7.95311425	-0.00770538
29.996355	7.95908725	-0.00723552
30.0138033	7.95580855	-0.00628566
30.0289067	7.96130923	-0.004998
30.0455733	7.95853861	-0.003636
30.06224	7.95587754	-0.002382
30.08073	7.96373973	-0.001704
30.096875	7.96260649	-0.001962
30.1135417	7.95807852	-0.00303
30.1302083	7.96297087	-0.004086
30.146615	7.96535204	-0.004536
30.1638033	7.96661217	-0.005286
30.18099	7.96905272	-0.00616578
30.1986983	7.96807895	-0.00734808
30.215625	7.97464506	-0.00887154
30.2330733	7.98692998	-0.00966612
30.2484383	7.99129956	-0.00917076
30.2640633	7.99238886	-0.00789726
30.2799483	7.99216467	-0.00709002
30.296615	7.99408375	-0.00665802
30.3125	7.99830305	-0.005976
30.3296883	7.9955948	-0.00444
30.3479167	8.00559119	-0.002748
30.3630217	8.00906757	-0.001134
30.3799483	8.0108656	0.00084
30.3971367	8.01883542	0.0027
30.4145833	8.00923413	0.00345
30.43073	8.01332993	0.00348
30.446875	8.02283592	0.004704
30.4627617	8.01680021	0.005916
30.4796883	8.00867132	0.00561
30.496615	8.0013927	0.003726
30.5140633	8.00847441	0.001728
30.53099	8.0233434	0.001398
30.546615	8.01778092	0.001446
30.5638033	8.01723524	0.000774
30.58125	8.019087	-9.42E-05
30.5981783	8.00519226	-0.001944
30.6270833	8.00786435	-0.00447
30.6440117	8.02580919	-0.00601542
30.6609383	8.03524815	-0.00635508
30.6757817	8.04498884	-0.00607566
30.6893233	8.0461198	-0.005646
30.7046883	8.0423982	-0.005478
30.7208333	8.04332377	-0.005022
30.7377617	8.0463486	-0.00399
30.7552083	8.05164106	-0.002778
30.7708333	8.05567827	-0.00147
30.7864583	8.05690053	-0.0002256
30.8018233	8.04628728	-0.00024
30.81849	8.04459885	-0.001584
30.8351567	8.05484107	-0.002292
30.8515633	8.05303578	-0.00249
30.86849	8.04556077	-0.003684
30.884375	8.04838773	-0.006045
30.9020833	8.05169691	-0.00818622
30.91849	8.05858926	-0.00950322
30.9356783	8.06305882	-0.0103575
30.9510417	8.06144843	-0.01104792
30.9658867	8.07070408	-0.01103262
30.9815117	8.06699922	-0.0109155
30.9984383	8.06394408	-0.01226706
31.0143233	8.07083278	-0.01369494
31.0302083	8.07647638	-0.01365414
31.0471367	8.08572526	-0.01194264
31.0638033	8.08951416	-0.00966018
31.0799483	8.07887964	-0.00889458
31.0955733	8.07917719	-0.00919494
31.1127617	8.08458196	-0.00877902
31.13047	8.08758248	-0.00787104
31.146875	8.0889518	-0.00660372
31.1640633	8.09193508	-0.00489
31.18047	8.09618804	-0.00336
31.1971367	8.10005387	-0.002322
31.2135417	8.10458251	-0.001308
31.23047	8.10424759	-9.36E-05
31.246875	8.10752785	0.001086
31.2635417	8.09971034	0.001398
31.2796883	8.09324592	0.0005094
31.296615	8.10202797	-0.0002316
31.3127617	8.10117628	-0.000858
31.3302083	8.09644531	-0.00207
31.346875	8.11039437	-0.002562
31.3640633	8.11573124	-0.001482
31.38047	8.10787017	-0.000972
31.3976567	8.11248001	-0.001044
31.4140633	8.1188167	-0.0001758
31.43099	8.11660355	0.000708
31.4479167	8.11584354	0.001182
31.4638033	8.1181705	0.00159
31.48047	8.1226953	0.00201
31.4971367	8.12088547	0.002418
31.5143233	8.11338456	0.001788
31.53099	8.12354879	0.001056
31.546355	8.13251943	0.001848
31.5635417	8.12786201	0.00273
31.58099	8.12181033	0.002232
31.5971367	8.12382325	0.00081
31.6143233	8.13121001	-0.0002472
31.6302083	8.1357628	-0.0001248
31.6476567	8.13422122	0.000549
31.6640633	8.12832228	0.000444
31.6817717	8.13088161	-0.0004338
31.696875	8.1377769	-0.00111
31.7130217	8.13264879	-0.002046
31.73099	8.13412317	-0.003264
31.7473967	8.14124589	-0.00387
31.7640633	8.13873639	-0.004554
31.7815117	8.14202383	-0.005388
31.7973967	8.14817315	-0.005712
31.814845	8.15383013	-0.005244
31.8317717	8.15895511	-0.004032
31.8476567	8.15508419	-0.002838
31.8638033	8.1544073	-0.001806
31.8802083	8.15671622	-0.001182
31.8955733	8.15724051	-0.001104
31.91224	8.15678485	-0.00156
31.9289067	8.16116044	-0.001668
31.9458333	8.15704728	-0.001656
31.9635417	8.15642507	-0.002256
31.9802083	8.16718878	-0.002208
31.996355	8.16765628	-0.00153
32.0135417	8.16534922	-0.00129
32.0302083	8.16604135	-0.001506
32.0458333	8.17036645	-0.001692
32.0635417	8.17566585	-0.001152
32.0794283	8.17436011	-0.0004716
32.096615	8.16898587	-0.000882
32.1138033	8.17124814	-0.00177
32.13073	8.18231641	-0.000822
32.1471367	8.18116062	0.000774
32.1627617	8.17174089	0.00072
32.1796883	8.171385	-0.0003702
32.1971367	8.17182171	-0.001776
32.214845	8.17989283	-0.00294
32.2315117	8.18829311	-0.003138
32.2486983	8.18678622	-0.00279
32.2638033	8.19069039	-0.002028
32.28047	8.18671475	-0.001416
32.296615	8.17951591	-0.00237
32.3143233	8.18421717	-0.003954
32.3302083	8.18410591	-0.005484
32.346355	8.18173918	-0.00750234
32.3632817	8.18742042	-0.00948408
32.38099	8.19262783	-0.011115
32.3973967	8.18046465	-0.0131436
32.4252617	8.18396341	-0.01533222
32.440365	8.20222059	-0.01627242
32.4565117	8.20214039	-0.01633044
32.4736983	8.20632674	-0.0159825
32.490365	8.20029138	-0.01603512
32.50599	8.20288765	-0.01667874
32.5223967	8.20468392	-0.0166362
32.5393233	8.19587684	-0.01705572
32.5565117	8.1987673	-0.018402
32.5734383	8.20796466	-0.01908228
32.5895833	8.21151853	-0.01891902
32.60599	8.21068881	-0.0186528
32.6205733	8.21172725	-0.01882728
32.6354167	8.21385314	-0.01934748
32.6502617	8.2203711	-0.01942596
32.664845	8.22362607	-0.01871244
32.6794283	8.21523916	-0.01925544
32.696355	8.21581759	-0.0205398
32.7135417	8.22400829	-0.02031444
32.7299483	8.22605769	-0.0195306
32.746875	8.23121552	-0.01867668
32.7640633	8.23534391	-0.01717068
32.7791667	8.22899734	-0.01610268
32.7971367	8.22449004	-0.01626522
32.8127617	8.22381067	-0.0171867
32.83099	8.23180425	-0.0176712
32.8476567	8.24621252	-0.0162648
32.8627617	8.24640518	-0.01383486
32.8796883	8.24370052	-0.01160688
32.896875	8.2422745	-0.00928974
32.9135417	8.24009309	-0.00725124
32.9296883	8.2386251	-0.005832
32.9473967	8.23825097	-0.004236
32.964845	8.24110467	-0.002418
32.9794283	8.24626009	-0.001374
32.9973967	8.24008023	-0.001362
33.0138033	8.2342214	-0.002124
33.0302083	8.24701667	-0.002562
33.0458333	8.24591629	-0.002448
33.0625	8.2395433	-0.003258
33.0799483	8.24415712	-0.004068
33.096875	8.2506348	-0.004008
33.1138033	8.24624765	-0.004188
33.1299483	8.23747425	-0.005586
33.1476567	8.24461879	-0.00729264
33.164845	8.25228073	-0.0079527
33.18125	8.25659122	-0.00801102
33.196875	8.25368148	-0.00800574
33.215105	8.25388236	-0.0082899
33.2320317	8.25732214	-0.00806214
33.24974	8.25517177	-0.00766746
33.265625	8.25535681	-0.0083253
33.2820317	8.26269262	-0.00856974
33.2986983	8.2622655	-0.00833592
33.314845	8.25378951	-0.00914886
33.3322917	8.25810497	-0.01043082
33.3479167	8.26939354	-0.01038588
33.364845	8.27248244	-0.00912498
33.38047	8.26632617	-0.00797112
33.3979167	8.2606092	-0.00815112
33.4130217	8.2647098	-0.00908832
33.4299483	8.2661194	-0.0098349
33.446355	8.26129453	-0.01089336
33.4630217	8.26208142	-0.0125139
33.4802083	8.26730215	-0.0138492
33.4971367	8.26306596	-0.01497546
33.52448	8.26358287	-0.01640202
33.540365	8.27578439	-0.01735992
33.5570317	8.279921	-0.01729674
33.5729167	8.27783302	-0.01697064
33.590105	8.28145439	-0.01646634
33.60573	8.29093093	-0.01530702
33.6221367	8.29217713	-0.01349112
33.6393233	8.29117879	-0.01172268
33.65625	8.28828238	-0.01033728
33.6731783	8.29117257	-0.00901842
33.690625	8.29945489	-0.00677364
33.7065117	8.29302913	-0.004344
33.7236983	8.29064939	-0.003042
33.7393233	8.29185136	-0.002286
33.7539067	8.28675032	-0.00171
33.7695317	8.28525417	-0.001362
33.7856783	8.2937771	-0.001092
33.8020833	8.29969253	5.59E-05
33.81823	8.29476754	0.00195
33.834375	8.28640457	0.002658
33.8502617	8.28861344	0.002394
33.8671883	8.29800881	0.002748
33.8830733	8.29633723	0.003744
33.8986983	8.29248845	0.004044
33.915625	8.28524697	0.003198
33.93099	8.28449175	0.001548
33.946355	8.29039972	0.0004524
33.9627617	8.29160726	0.0004704
33.98073	8.29512311	0.00069
33.996875	8.30128939	0.00138
34.0135417	8.30516109	0.002964
34.03047	8.30441031	0.004536
34.0476567	8.30362275	0.00603072
34.064845	8.30799176	0.00784212
34.08125	8.30530879	0.00911364
34.0979167	8.30746664	0.00972852
34.1145833	8.30981606	0.01045548
34.13099	8.29962148	0.01025838
34.1484383	8.29899195	0.00888222
34.165625	8.30537389	0.00780786
34.1825533	8.30558829	0.00716244
34.19922	8.30032227	0.0062223
34.2140633	8.30351298	0.00507
34.2299483	8.30502053	0.003882
34.24974	8.30602741	0.003
34.2664067	8.31014878	0.00267
34.2854167	8.31078174	0.002556
34.3007817	8.30688804	0.002076
34.3169283	8.3089335	0.001644
34.3346367	8.30435264	0.001224
34.3549483	8.30086006	1.22E-06
34.3729167	8.30391182	-0.001404
34.390625	8.30974223	-0.002142
34.40573	8.31829521	-0.00216
34.4205733	8.32102859	-0.001608
34.4354167	8.31820079	-0.001068
34.453125	8.31538651	-0.00114
34.4690117	8.32236075	-0.001122
34.4877617	8.32678911	-1.66E-05
34.5036467	8.32167855	0.00111
34.5208333	8.31367936	0.000828
34.5393233	8.31893157	0.0003336
34.55625	8.31845793	3.46E-05
34.5736983	8.31639139	-0.000792
34.5890633	8.31710154	-0.001626
34.6067717	8.31260194	-0.002394
34.62422	8.31684142	-0.003372
34.640625	8.32454493	-0.004026
34.659115	8.32174875	-0.004314
34.6760417	8.32555622	-0.00456
34.690625	8.33147815	-0.004068
34.708595	8.33087919	-0.00267
34.725	8.32870309	-0.001488
34.7427083	8.32894553	-0.001002
34.7614583	8.33492753	-0.000441
34.7815117	8.33388734	0.0003288
34.8002617	8.33027626	0.000618
34.8171883	8.32810348	0.0003882
34.8356783	8.32798811	1.60E-05
34.8567717	8.33104908	-0.0002472
34.875	8.33636861	-4.24E-05
34.89375	8.33148301	-0.000123
34.91198	8.32656585	-0.001038
34.93099	8.32926888	-0.001866
34.94974	8.33305477	-0.002442
34.9700533	8.33643357	-0.002694
34.9908867	8.33638691	-0.002772
35.0083333	8.32789159	-0.003906
35.02448	8.32908156	-0.005652
35.0388033	8.34523453	-0.0062217
35.0520833	8.35003464	-0.005574
35.0658867	8.34264905	-0.005298
35.0794283	8.34399058	-0.005382
35.0955733	8.34895201	-0.00477
35.11224	8.34074949	-0.004464
35.1291667	8.34740426	-0.004662
35.1458333	8.34825813	-0.004314
35.1635417	8.33993919	-0.004362
35.1789067	8.3370816	-0.005508
35.1955733	8.34207918	-0.00660168
35.21224	8.34576574	-0.0068178
35.2296883	8.34180733	-0.00685458
35.246875	8.34539328	-0.00714006
35.2627617	8.3440692	-0.00753822
35.2789067	8.33242492	-0.0088146
35.296615	8.33341019	-0.01072752
35.3125	8.34284769	-0.0117318
35.3291667	8.34488569	-0.01197882
35.3471367	8.34737911	-0.01214946
35.3635417	8.35200356	-0.01186464
35.3802083	8.35224144	-0.01140738
35.396355	8.34950079	-0.01124808
35.4138033	8.35048751	-0.0112851
35.43073	8.35509511	-0.0112917
35.4471367	8.36208002	-0.01060914
35.4632817	8.36311689	-0.00920748
35.48047	8.36636858	-0.00761622
35.496875	8.36748834	-0.005796
35.5140633	8.3597981	-0.004488
35.53073	8.35694797	-0.003978
35.5473967	8.36500955	-0.003102
35.5640633	8.36744809	-0.001554
35.58073	8.36106585	-0.0005958
35.5973967	8.35628852	-0.000846
35.6140633	8.358259	-0.001296
35.6328133	8.35882584	-0.001458
35.65573	8.35906431	-0.001644
35.6731783	8.36657982	-0.001284
35.6895833	8.3660371	-0.0005256
35.70573	8.36345251	-0.000126
35.7229167	8.37005297	0.0005442
35.7385417	8.38354922	0.00282
35.7541667	8.37390269	0.005322
35.771355	8.35689682	0.00608502
35.7890633	8.36137852	0.00620736
35.8052083	8.3630688	0.0064935
35.821095	8.36321532	0.00658758
35.83672	8.36773479	0.00746166
35.864845	8.36797602	0.0090867
35.88073	8.36047675	0.00999168
35.8973967	8.35893919	0.00995136
35.9135417	8.36320009	0.00986556
35.93073	8.36476141	0.00993126
35.9473967	8.36814796	0.0103569
35.9760417	8.36712329	0.01103076
35.99349	8.36752433	0.01152426
36.0101567	8.36886377	0.01195896
36.0257817	8.36602884	0.01207284
36.0414067	8.37121078	0.01214874
36.0580733	8.36816097	0.01213848
36.075	8.3637955	0.0112146
36.0927083	8.36653457	0.01022442
36.1080733	8.37004755	0.00994476
36.1226567	8.37382318	0.0100443
36.140365	8.37626925	0.01015992
36.1572917	8.37248837	0.01042896
36.17422	8.37122701	0.0108858
36.1916667	8.37558777	0.01143144
36.2075533	8.37229711	0.01174026
36.2226567	8.37332775	0.01187754
36.23724	8.37834655	0.01198668
36.252345	8.37051948	0.01173858
36.2692717	8.37319621	0.01138098
36.2846367	8.37625973	0.01138602
36.3010417	8.36938768	0.01053576
36.315105	8.37198154	0.00911322
36.3291667	8.37064098	0.0082821
36.346615	8.37121375	0.00760494
36.3632817	8.37612518	0.00729204
36.3796883	8.37722317	0.0074595
36.3976567	8.37293376	0.0070635
36.4140633	8.37095935	0.005838
36.433855	8.37437112	0.004734
36.4604167	8.37643268	0.004398
36.4768233	8.37413101	0.00438
36.49349	8.37018778	0.003906
36.509375	8.36744082	0.002724
36.52422	8.37317803	0.001632
36.5408867	8.37604391	0.00096
36.5565117	8.37255632	-0.0001884
36.571615	8.37353732	-0.001842
36.5877617	8.3706758	-0.003654
36.602345	8.37555683	-0.005154
36.6166667	8.38391137	-0.005442
36.63073	8.38360681	-0.00522
36.6471367	8.38099825	-0.005412
36.6638033	8.38056571	-0.0061815
36.68073	8.37602958	-0.00757146
36.696875	8.37546025	-0.00935178
36.7138033	8.37935306	-0.01084338
36.7302083	8.38130185	-0.01204848
36.746875	8.38380074	-0.01310436
36.7632817	8.38149145	-0.01408542
36.78073	8.38164568	-0.01519458
36.7971367	8.3849091	-0.01600968
36.8138033	8.38271476	-0.01677558
36.83047	8.37980224	-0.01820412
36.846875	8.38473975	-0.01937142
36.8635417	8.38691945	-0.01990242
36.8802083	8.38993058	-0.02017716
36.896875	8.38999315	-0.02022372
36.9135417	8.3865962	-0.02081022
36.93073	8.38802237	-0.02203962
36.946875	8.39363848	-0.0229023
36.9630217	8.39952983	-0.02279748
36.9799483	8.39938397	-0.02247078
36.9973967	8.39095148	-0.02276814
37.0138033	8.38548271	-0.02391108
37.0299483	8.39053268	-0.02514756
37.0473967	8.3928521	-0.0258357
37.0638033	8.39086822	-0.02670126
37.08047	8.39420856	-0.0276549
37.0958333	8.40514258	-0.02749362
37.1132817	8.40842376	-0.02614962
37.1291667	8.40497721	-0.02475384
37.1458333	8.39947806	-0.0241251
37.1632817	8.39552464	-0.02439288
37.1799483	8.39589734	-0.02500998
37.1973967	8.40010377	-0.02530206
37.2135417	8.40204212	-0.02507754
37.2296883	8.40525399	-0.02422932
37.2471367	8.40818159	-0.02297352
37.2627617	8.40567603	-0.02204184
37.2796883	8.40497902	-0.02136924
37.296875	8.40930612	-0.0204525
37.3140633	8.40672484	-0.01966614
37.3299483	8.40428175	-0.0191589
37.346095	8.40468225	-0.01885542
37.3635417	8.40792472	-0.01832286
37.3802083	8.41365694	-0.01692174
37.396875	8.40719548	-0.01560714
37.4138033	8.40924042	-0.01476816
37.4299483	8.41172172	-0.01401024
37.4479167	8.40916556	-0.01352556
37.4645833	8.41508858	-0.01253316
37.48073	8.41961656	-0.01083732
37.496355	8.41620428	-0.00941316
37.5132817	8.41644019	-0.00850404
37.53047	8.41775983	-0.00746238
37.5471367	8.41531575	-0.00623766
37.5635417	8.42343215	-0.004578
37.5791667	8.42471132	-0.00255
37.5955733	8.42122199	-0.00081
37.6132817	8.42678065	0.001176
37.6289067	8.42251582	0.0033
37.646615	8.41523169	0.004512
37.6632817	8.41048634	0.004662
37.6796883	8.41527668	0.00477
37.6971367	8.41785067	0.005466
37.7135417	8.41677688	0.00640512
37.7296883	8.41589828	0.0074757
37.7473967	8.41440479	0.00852228
37.7638033	8.41227784	0.00915696
37.7794283	8.40976049	0.00911688
37.796615	8.4144589	0.0089385
37.8140633	8.41699862	0.0094515
37.83073	8.41235898	0.00998574
37.8471367	8.41270696	0.00987816
37.8625	8.41875827	0.00999108
37.8799483	8.41601235	0.01053108
37.8971367	8.41933012	0.01124112
37.9132817	8.41544148	0.0117441
37.93073	8.41016557	0.01140198
37.9458333	8.4144931	0.01094598
37.9630217	8.41274811	0.01090614
37.9799483	8.4193822	0.0112659
37.9971367	8.41902703	0.0118395
38.0130217	8.4117145	0.01176438
38.0294283	8.41668802	0.01152744
38.0473967	8.41951929	0.01194318
38.0645833	8.41554102	0.01248684
38.08125	8.41258712	0.0125361
38.0979167	8.41646845	0.01228452
38.1145833	8.41988807	0.01214976
38.13047	8.42194001	0.0123306
38.1479167	8.42155408	0.01275774
38.1645833	8.41863619	0.01287384
38.18047	8.41546782	0.01240446
38.196875	8.41406265	0.01182114
38.2127617	8.41709254	0.01173018
38.23047	8.41548066	0.01167252
38.246875	8.41970022	0.01138056
38.2635417	8.41848482	0.01123362
38.2802083	8.41388103	0.01081758
38.296875	8.41252057	0.01006974
38.3127617	8.41609383	0.00957408
38.3294283	8.42262292	0.00975048
38.346875	8.41803279	0.01003176
38.3638033	8.41134029	0.00936156
38.3799483	8.41686552	0.00866778
38.396615	8.42246538	0.00915882
38.4135417	8.42051618	0.00989856
38.43099	8.41736458	0.00985938
38.446875	8.41799147	0.00941076
38.4635417	8.4200375	0.00917208
38.48073	8.42121986	0.009507
38.496615	8.4235752	0.01012578
38.5140633	8.41545556	0.00999534
38.53099	8.41416383	0.0089451
38.5479167	8.42102698	0.00818514
38.5632817	8.41835754	0.00785946
38.58047	8.41199344	0.00693516
38.5971367	8.40952993	0.005244
38.6143233	8.40752716	0.003312
38.63073	8.41259317	0.001752
38.646875	8.42141423	0.001248
38.6638033	8.41720305	0.00102
38.6796883	8.41109969	0.0001182
38.696355	8.413722	-0.001134
38.7138033	8.41469994	-0.002136
38.73047	8.42098555	-0.00252
38.746615	8.42158617	-0.00234
38.7632817	8.41776221	-0.002454
38.7799483	8.42340227	-0.002538
38.7979167	8.42440645	-0.002178
38.8138033	8.42235541	-0.001944
38.83099	8.42412907	-0.001704
38.8479167	8.42436764	-0.001422
38.8645833	8.42387191	-0.001248
38.88125	8.42372221	-0.00114
38.8979167	8.4224819	-0.00099
38.9127617	8.42811321	-0.0002604
38.9296883	8.42329186	0.0001938
38.9473967	8.41190252	-0.000888
38.9640633	8.41535794	-0.002448
38.9791667	8.42644843	-0.002754
38.996875	8.42499728	-0.002292
39.0138033	8.4242383	-0.002058
39.0302083	8.42030108	-0.002556
39.0479167	8.42140302	-0.003546
39.0638033	8.43386931	-0.003474
39.0833333	8.43129648	-0.002376
39.0984383	8.42744804	-0.001734
39.1145833	8.43206033	-0.001134
39.13099	8.43334132	0.0002826
39.1481783	8.43346906	0.001872
39.1645833	8.43462357	0.003684
39.18125	8.42989342	0.005784
39.1979167	8.4249668	0.00670308
39.2143233	8.42260672	0.00683766
39.2302083	8.42372099	0.0070839
39.246355	8.42511201	0.00767274
39.2635417	8.42545992	0.00831024
39.28125	8.42373802	0.00852204
39.2976567	8.42280383	0.00828486
39.3145833	8.42698099	0.0082248
39.33125	8.42350189	0.0081969
39.346615	8.4208904	0.00774396
39.3645833	8.42378542	0.00719022
39.3817717	8.42600033	0.00674682
39.3979167	8.43249674	0.00690024
39.4138033	8.42672941	0.00725562
39.4442717	8.42360356	0.00724758
39.4583333	8.4205497	0.00684738
39.47474	8.42325744	0.00605814
39.4914067	8.4331282	0.006219
39.5067717	8.43441536	0.0076473
39.5234383	8.42977443	0.008952
39.540625	8.42496794	0.00934434
39.558595	8.42304215	0.00925602
39.5765633	8.42707311	0.00936546
39.59323	8.43668263	0.01039116
39.6083333	8.43576079	0.01183524
39.6236983	8.42974265	0.0124542
39.6388033	8.42824407	0.01225164
39.6541667	8.42864097	0.01199202
39.6692717	8.42676312	0.01152126
39.6859383	8.42076262	0.01038048
39.7018233	8.42535504	0.0094662
39.715625	8.41951438	0.00833628
39.73099	8.41750943	0.00611952
39.746095	8.42491295	0.0045
39.7635417	8.42568935	0.003648
39.7796883	8.42816378	0.00306
39.7971367	8.42401606	0.002496
39.8138033	8.42534076	0.001986
39.8302083	8.4292699	0.00195
39.846615	8.42999178	0.00207
39.86224	8.43123556	0.002256
39.8817717	8.42841605	0.002478
39.8979167	8.42758807	0.002484
39.9145833	8.43297894	0.002592
39.93125	8.43421052	0.002886
39.9479167	8.42836006	0.002682
39.9643233	8.42840326	0.002334
39.98125	8.42414694	0.002046
39.9979167	8.4302952	0.001908
40.0138033	8.43292699	0.002124
40.0302083	8.42237832	0.001326
40.0476567	8.42593861	-9.78E-05
40.0645833	8.42881726	-0.000864
40.0799483	8.42423946	-0.00153
40.096875	8.42351902	-0.002436
40.1145833	8.4232755	-0.003582
40.13125	8.42301162	-0.005142
40.1476567	8.42619168	-0.00644952
40.1640633	8.42746749	-0.00717126
40.18047	8.43100339	-0.00731268
40.196355	8.43376545	-0.00697734
40.2135417	8.43491268	-0.00646296
40.23047	8.43538417	-0.005706
40.2479167	8.42976704	-0.005274
40.2638033	8.44010386	-0.00456
40.28099	8.44580392	-0.002478
40.2976567	8.44056839	-0.0003378
40.3143233	8.44368137	0.001236
40.33047	8.43893596	0.002496
40.346875	8.43528171	0.003306
40.3627617	8.42966944	0.003384
40.3796883	8.43012662	0.00288
40.396615	8.4359713	0.002664
40.4130217	8.42915271	0.002526
40.4294283	8.43120276	0.002304
40.446355	8.43588556	0.00273
40.4635417	8.43642381	0.003534
40.4789067	8.43791423	0.004248
40.4955733	8.43521882	0.004914
40.51224	8.43078921	0.005166
40.5289067	8.4334517	0.005274
40.5455733	8.43656209	0.005502
40.56224	8.4390007	0.0060288
40.5789067	8.44245967	0.00737454
40.5955733	8.43632564	0.00864084
40.61224	8.43498203	0.00912438
40.6291667	8.43816615	0.00964188
40.6486983	8.43994814	0.01057908
40.6661467	8.44361666	0.01210398
40.68073	8.4389738	0.01377798
40.696615	8.43295778	0.01443948
40.7164067	8.43304486	0.01450056
40.7322917	8.42848629	0.01437624
40.7513033	8.42947689	0.0140889
40.76797	8.43154169	0.01379904
40.784115	8.43174576	0.01357842
40.802865	8.43431803	0.01385928
40.8200533	8.43227775	0.01388436
40.8356783	8.42590236	0.0127701
40.852345	8.42640138	0.01143114
40.8677083	8.43241569	0.0107151
40.8846367	8.43130868	0.01038234
40.89974	8.43515932	0.01023054
40.9169283	8.44289496	0.01093608
40.9346367	8.44175632	0.01231122
40.94974	8.43675848	0.01332576
40.964845	8.43561002	0.01396038
40.98099	8.43313366	0.01432176
40.9979167	8.42787119	0.01398924
41.0143233	8.42567419	0.01295124
41.0302083	8.42780114	0.01191798
41.0471367	8.43096355	0.01146678
41.0632817	8.43398208	0.01142466
41.0791667	8.43805775	0.01154772
41.096615	8.43851148	0.0119157
41.11224	8.4299066	0.01161516
41.13073	8.42929032	0.01027272
41.146875	8.43468564	0.00916386
41.1630217	8.43606775	0.00881106
41.1799483	8.43896689	0.00868104
41.196615	8.43600252	0.008271
41.2132817	8.42869323	0.00686382
41.23047	8.43230651	0.005184
41.2471367	8.43937433	0.004836
41.2638033	8.43749199	0.005136
41.2791667	8.43234276	0.00474
41.2973967	8.42974102	0.00381
41.3132817	8.43449663	0.003042
41.3302083	8.43041772	0.002214
41.3458333	8.42734113	0.000756
41.3632817	8.43566121	-2.73E-05
41.38125	8.43592872	0.0001752
41.3984383	8.4318281	0.0002304
41.414845	8.42758318	-0.00021
41.4299483	8.42971571	-0.000768
41.4481783	8.43472675	-0.00105
41.4645833	8.42996063	-0.001758
41.48047	8.4275347	-0.00333
41.4971367	8.4275649	-0.00501
41.5140633	8.43023055	-0.00644184
41.5317717	8.43381055	-0.00760152
41.546615	8.43450685	-0.0082437
41.5635417	8.4394181	-0.00799974
41.58125	8.43278903	-0.00782718
41.5976567	8.4280868	-0.008664
41.6143233	8.437918	-0.0094335
41.6296883	8.43722361	-0.00986298
41.646875	8.43265094	-0.01069758
41.6638033	8.43991279	-0.01114032
41.6802083	8.44541244	-0.01044276
41.6971367	8.44224156	-0.00939066
41.7138033	8.44072573	-0.00881622
41.7299483	8.44106557	-0.008499
41.746615	8.44530412	-0.00785988
41.7630217	8.45054954	-0.0064143
41.7791667	8.44740237	-0.004824
41.796615	8.43655161	-0.004338
41.8143233	8.43992667	-0.004368
41.8296883	8.45065251	-0.00336
41.846355	8.44994918	-0.001752
41.8630217	8.44531629	-0.0004536
41.88047	8.44998674	0.000822
41.896355	8.44920226	0.002292
41.9125	8.4372476	0.002778
41.93073	8.43905163	0.002526
41.9484383	8.44032779	0.002268
41.965105	8.43446772	0.001662
41.9828133	8.43510288	0.000624
41.9981783	8.43577949	-0.0005016
42.0164067	8.43966314	-0.000978
42.033595	8.44583757	-0.0005748
42.0518233	8.44421963	4.42E-05
42.0690117	8.44926355	0.000852
42.0846367	8.45162112	0.002178
42.1018233	8.44456387	0.003102
42.1203133	8.43805172	0.00273
42.1364583	8.44385338	0.002214
42.1536467	8.44753741	0.002436
42.1708333	8.44445648	0.002634
42.18698	8.44591201	0.002622
42.2041667	8.44567697	0.00285
42.2226567	8.44504062	0.003186
42.2419283	8.43765674	0.002802
42.2609383	8.43370048	0.001554
42.278125	8.43808008	0.0004446
42.2947917	8.43615109	-0.000462
42.315105	8.43530519	-0.001596
42.3325533	8.43633952	-0.002904
42.34974	8.43714946	-0.004086
42.3674483	8.43924466	-0.004956
42.38698	8.43602214	-0.005928
42.4041667	8.4372532	-0.00715236
42.4208333	8.43971956	-0.00829368
42.43724	8.43746916	-0.0093882
42.4539067	8.4405881	-0.01051698
42.471875	8.44745259	-0.01125036
42.4890633	8.44416199	-0.01162536
42.50547	8.4460324	-0.0119169
42.5208333	8.45632161	-0.01153416
42.5382817	8.46037821	-0.01029198
42.5583333	8.46236804	-0.00843888
42.5765633	8.45546846	-0.00677142
42.5973967	8.45020253	-0.005832
42.6171883	8.44906372	-0.005364
42.634115	8.45361454	-0.004908
42.6536467	8.44521325	-0.004968
42.6729167	8.43977189	-0.00614508
42.69297	8.45035604	-0.00692046
42.7140633	8.45429643	-0.0063288
42.734115	8.45513309	-0.005394
42.7536467	8.45703607	-0.004392
42.7705733	8.45385309	-0.003192
42.7885417	8.45296446	-0.001974
42.808855	8.45085248	-0.001242
42.8294283	8.44363186	-0.001218
42.8520833	8.44943801	-0.000918
42.8705733	8.45402619	1.46E-05
42.8875	8.44973065	0.000597
42.9078133	8.45281859	0.001056
42.921875	8.45022837	0.001584
42.9382817	8.44682093	0.001824
42.9539067	8.44640188	0.001908
42.9729167	8.4553205	0.002388
42.9893233	8.45758215	0.003474
43.00573	8.44786845	0.004038
43.0229167	8.44909374	0.004134
43.0393233	8.4507462	0.004434
43.0567717	8.45073176	0.004974
43.0729167	8.45039077	0.005364
43.0882817	8.45920507	0.00618702
43.1065117	8.45611681	0.00734796
43.1231783	8.45080976	0.00767064
43.1414067	8.45147022	0.00724122
43.1580733	8.4488916	0.00645786
43.177345	8.4501686	0.005814
43.1955733	8.4458232	0.005088
43.2130217	8.44736583	0.004326
43.2317717	8.44921927	0.003666
43.2507817	8.45485888	0.00327
43.2669283	8.45850406	0.003648
43.283595	8.4514682	0.00384
43.3078133	8.45124946	0.003372
43.33047	8.45005288	0.002748
43.346615	8.44448213	0.001542
43.3692717	8.43928081	-0.0003756
43.3864583	8.43915682	-0.002616
43.4018233	8.44851508	-0.004308
43.4171883	8.44814135	-0.00525
43.434375	8.44360928	-0.00639588
43.4513033	8.45345143	-0.00743196
43.46797	8.45650316	-0.00765612
43.4861983	8.45363311	-0.00772878
43.5039067	8.45591603	-0.0078018
43.5223967	8.45592094	-0.00753912
43.5390633	8.45346565	-0.00744456
43.55547	8.45190684	-0.00779622
43.578125	8.45320077	-0.0083454
43.5979167	8.45807503	-0.008364
43.6145833	8.45634135	-0.00809496
43.633595	8.4526395	-0.00816522
43.6505217	8.45090338	-0.00880818
43.66849	8.44791115	-0.00977394
43.683855	8.44792209	-0.0109332
43.6989583	8.44766371	-0.01215906
43.715625	8.45130634	-0.01299552
43.7330733	8.45548897	-0.01322136
43.7505217	8.45262947	-0.01338978
43.7677083	8.45378677	-0.01370574
43.7851567	8.46051654	-0.0133872
43.802345	8.45563897	-0.0129021
43.8192717	8.45936873	-0.01247874
43.8377617	8.46389685	-0.0115857
43.8552083	8.46441399	-0.01082994
43.8705733	8.46200221	-0.01012584
43.88724	8.45692077	-0.00952866
43.9049483	8.45938521	-0.0091278
43.9200533	8.46328601	-0.00821904
43.93698	8.46435491	-0.00680892
43.952865	8.46431287	-0.005154
43.9692717	8.46381829	-0.003366
43.9856783	8.46594227	-0.001872
44.0039067	8.46507046	-0.000648
44.0208333	8.4628468	0.0003972
44.03672	8.45957141	0.001092
44.052605	8.45827935	0.001542
44.071875	8.45818141	0.001914
44.0885417	8.45580984	0.00198
44.10573	8.46290526	0.002304
44.121875	8.45811855	0.00279
44.1450533	8.4567755	0.003066
44.159115	8.45838925	0.00339
44.1755217	8.45670055	0.003588
44.190105	8.46100967	0.004002
44.20625	8.4645637	0.004956
44.2234383	8.46492645	0.0061599
44.2395833	8.45603105	0.00686478
44.25625	8.45986516	0.00726366
44.2723967	8.4597251	0.00810348
44.2885417	8.45743894	0.00868392
44.30573	8.46171176	0.0092436
44.3229167	8.45972608	0.01002978
44.3395833	8.45763526	0.01032324
44.3544283	8.45965629	0.01048326
44.3695317	8.4548773	0.01052004
44.3859383	8.45280186	0.01000518
44.4020833	8.45491821	0.0094842
44.41823	8.45472355	0.0089601
44.4346367	8.45602219	0.00845562
44.4507817	8.45803841	0.00820782
44.465625	8.45649456	0.00791376
44.48047	8.4602757	0.0076857
44.4981783	8.4570701	0.00748278
44.5138033	8.44961703	0.00658884
44.5299483	8.46020345	0.00576
44.546355	8.46442444	0.00588
44.5627617	8.45463841	0.005754
44.5815117	8.45396371	0.005052
44.5984383	8.4544274	0.004338
44.615365	8.45554816	0.00378
44.633595	8.45813746	0.003618
44.6481783	8.45779455	0.00348
44.664845	8.46030718	0.003498
44.6820317	8.45444971	0.003564
44.6986983	8.45328456	0.00318
44.7135417	8.45557766	0.002898
44.73073	8.45617681	0.002592
44.7481783	8.45932784	0.002208
44.7645833	8.45830117	0.002076
44.7820317	8.46387819	0.00264
44.79948	8.45852832	0.003018
44.8166667	8.45133159	0.002394
44.833855	8.45570697	0.001404
44.8520833	8.45481838	0.000732
44.86875	8.45408039	-7.44E-05
44.8854167	8.45629497	-0.000666
44.902605	8.45703104	-0.001074
44.9200533	8.45703586	-0.0012
44.939845	8.45470021	-0.00108
44.9643233	8.45581555	-0.000948
44.9820317	8.45900513	-0.000714
45.0005217	8.46160993	-0.000408
45.015365	8.45964859	-0.0001602
45.0315117	8.45749497	-0.0002874
45.0473967	8.45733605	-0.00084
45.0645833	8.45669295	-0.001392
45.08099	8.46177515	-0.001182
45.1135417	8.45867854	-0.000792
45.1296883	8.45484614	-0.001284
45.1479167	8.45990484	-0.00177
45.1643233	8.46173094	-0.001638
45.1817717	8.46362279	-0.001266
45.1979167	8.45992279	-0.001098
45.215365	8.45971939	-0.001194
45.2325533	8.45845212	-0.001302
45.2502617	8.45482011	-0.001722
45.2674483	8.45745093	-0.002226
45.2833333	8.45694148	-0.002562
45.302345	8.4557848	-0.003126
45.3197917	8.46027056	-0.00354
45.3364583	8.4575093	-0.003906
45.3513033	8.45264167	-0.00489
45.3677083	8.44970111	-0.00654336
45.3851567	8.460279	-0.00736086
45.402345	8.47057328	-0.00685194
45.41797	8.46304572	-0.005796
45.4351567	8.46382409	-0.005118
45.4513033	8.46249022	-0.00465
45.46875	8.46203629	-0.004668
45.4851567	8.46163462	-0.004842
45.5007817	8.45581253	-0.005358
45.5164067	8.45524265	-0.00629148
45.5333333	8.45232146	-0.0074946
45.54922	8.45861893	-0.00846414
45.565625	8.46053778	-0.00900408
45.58125	8.45833766	-0.00959196
45.5976567	8.46565539	-0.0094944
45.6143233	8.46579402	-0.00881784
45.6315117	8.46339043	-0.00841584
45.646615	8.45828337	-0.00854538
45.6645833	8.45734278	-0.00913194
45.6799483	8.46270742	-0.00930624
45.696615	8.4648252	-0.00893946
45.7135417	8.46369545	-0.00868398
45.7302083	8.46444763	-0.00827322
45.746095	8.46584738	-0.00756942
45.7632817	8.4620673	-0.00721926
45.78073	8.46101318	-0.0072324
45.796875	8.46272864	-0.00709074
45.8132817	8.46454257	-0.00684582
45.8291667	8.46685625	-0.00646866
45.8471367	8.46849737	-0.005724
45.86224	8.46562048	-0.0051
45.8802083	8.46674375	-0.004584
45.8976567	8.47078692	-0.003414
45.9143233	8.46956997	-0.00195
45.93099	8.46190898	-0.00162
45.946095	8.46113904	-0.002298
45.9632817	8.45887413	-0.00309
45.9791667	8.45759143	-0.003792
45.996615	8.46786086	-0.003726
46.0125	8.46994145	-0.002832
46.0302083	8.46910309	-0.001956
46.0473967	8.47008504	-0.0012
46.0638033	8.47330963	-0.0004404
46.0789067	8.47279384	0.0003162
46.0955733	8.46679579	0.001074
46.11224	8.469142	0.00183
46.1296883	8.46704764	0.002586
46.1458333	8.45862431	0.003342
46.1638033	8.46357872	0.004098
46.1799483	8.465538	0.00486
46.196875	8.46230308	0.005616
46.2140633	8.46772471	0.00637152
46.2296883	8.46325842	0.00712842
46.246615	8.462169	0.00788532
46.2638033	8.46234317	0.00864222
46.28073	8.45185817	0.00939906
46.296875	8.45773809	0.01015596
