1018A1
32.4384995391
4.11751553388
64.9400293405
[[ 11.5445875]]
1018A2
50.0
5.25023145586
93.7780933625
[[ 19.86722033]]
1018A3
49.8259963511
4.3676382439
113.964428515
[[ 54.61110357]]
1018A4
46.7060972131
3.54606648967
190.279520955
[[ 162.64786028]]
1018A5
27.0027867891
2.09466113598
113.510830714
[[ 380.27158532]]
1018A6
40.7248920074
1.87221655026
135.166435241
[[ 612.27618214]]
1018A7
22.9672391082
4.0292603081
149.21015342
[[ 42.03893757]]
1025A1
19.8463006529
3.3910870917
157.043995247
[[ 61.95365896]]
1025A2
26.1158453025
2.94016235359
89.3377428418
[[ 174.83113138]]
1025A3
8.40126415029
2.08359587305
94.6929927202
[[ 224.37960602]]
1025A4
18.1669714303
7.24984210691
193.611650726
[[ 3.39681788]]
1025A5
33.3993675192
3.53662680215
106.620072654
[[ 52.17844673]]
1031A1
12.1809970628
1.73801907694
80.6536293356
[[ 66.16321415]]
1031A2
15.3020230489
1.93019917186
94.6983151925
[[ 77.63333471]]
1031A3
11.9047847459
1.56143391954
102.860403691
[[ 111.3499416]]
1031A4
3.18037277033
1.24157446734
138.371608153
[[ 40.25620882]]
1031A5
1.39457440248
1.89072456474
200.000000009
[[ 224.76329438]]
1107A1
45.5620028165
2.49889662352
157.552407157
[[ 190.34976894]]
1107A2
5.36521697321
1.32356200445
81.8608080314
[[ 66.4747212]]
1107A3
21.7647044743
1.58479992417
79.4790380957
[[ 332.40745429]]
1114A1
36.1440557382
1.95166088253
197.943978063
[[ 479.12736211]]
1114A2
16.4333217289
1.52542226806
104.364953355
[[ 564.62300002]]
1114A3
19.1241290273
1.70823543251
125.880552489
[[ 318.2555916]]
1122A1
28.6024228681
3.33653095112
129.27346531
[[ 218.04778983]]
1128A1
15.4584626116
1.92578915237
116.524374816
[[ 1085.42934239]]
1128A2
17.04675097
2.22079818056
123.383245389
[[ 286.73159932]]
1128A3
12.7772726093
2.27928712618
200.00000001
[[ 133.25830732]]
1128A4
12.9814261797
2.46145108693
106.839662102
[[ 48.79250533]]
1128A5
49.062203824
4.24158582888
54.6889690098
[[ 70.22161623]]
1128A6
29.0353984568
6.30234407595
55.8817308011
[[ 8.50170809]]
1205A1
23.5779708772
6.12782639088
117.374188669
[[ 11.19964806]]
1205A2
23.3826417288
4.52865055001
134.618248503
[[ 27.24124246]]
1205A3
29.3644648447
3.05115635299
80.3978631146
[[ 788.3701794]]
1205A4
12.3775198369
3.68623670872
193.267121328
[[ 18.15168726]]
1205A5
23.5581146594
5.28010290754
43.5967842402
[[ 2.93738499]]
1212A1
25.8060942668
7.84178956175
72.5086859122
[[ 3.54083918]]
1212A2
20.4010180556
7.2975040726
200.00000001
[[ 2.29361461]]
1212A3
17.9715729561
3.55612292959
200.00000001
[[ 9.27899418]]
1212A4
22.4273539319
2.10583241201
170.381661059
[[ 11.65706415]]
1220A1
50.0
2.90032259734
20.00000001
[[ 135.12866619]]
1220A2
50.0
2.20181352184
20.00000001
[[ 323.63484338]]
1220A3
50.0
1.44625086495
20.00000001
[[ 1340.76328647]]
1220A4
15.9730365365
4.11420886386
159.541718233
[[ 2.78885247]]
0131A1
30.998988988
3.50352437919
141.709638455
[[ 21.30841938]]
0131A2
25.1009220654
2.87423758713
200.00000001
[[ 40.42404365]]
0131A3
3.05428482908
1.04050964611
89.0998635409
[[ 34.22945038]]
0131A4
7.95444802734
1.08895778946
144.860698363
[[ 527.04361741]]
0131A5
50.0
0.1
20.00000001
[[ 24850.93950273]]
0206A1
50.0
0.1
20.00000001
[[ 12194.88574044]]
0206A2
50.0
0.119172471381
20.00000001
[[ 7366.179837]]
0206A3
50.0
0.116926203375
20.00000001
[[ 3430.43186576]]
0206A4
50.0
0.1
20.00000001
[[ 1992.47842667]]
0206A5
0.1
1.00049545844
151.633312766
[[ 48.84843433]]
0226A1
0.517831521578
2.3827985471
199.999999601
[[ 43.15734101]]
0307A1
6.65956841013
3.09821427321
199.951070741
[[ 93.65473511]]
0307A3
0.1
0.479305816876
199.999999992
[[ 165.89855446]]
0319A1
7.97931312077
0.927661530614
200.00000001
[[ 419.97226788]]
0319A2
1.22904315783
0.859273109213
200.00000001
[[ 901.19030038]]
0319A3
50.0
4.00353590283
21.2911210166
[[ 61.47324929]]
0326A2
50.0
2.55002476288
38.1957126831
[[ 271.74985806]]
0326A3
50.0
3.8937337263
92.8429882969
[[ 172.25949949]]
0401A3
34.188015914
2.99079675588
38.9426243836
[[ 13.84241567]]
0409A1
32.038402779
3.20901801564
65.4946086303
[[ 36.88024293]]
0409A2
3.0444451229
2.32131262067
199.41017007
[[ 1.60087114]]
0409A3
4.77568428123
1.82348956338
198.317892745
[[ 42.21684438]]
0409A4
29.1958301621
7.35770990617
89.1280050836
[[ 30.76405784]]
0417A1
4.2583242841
7.00235330649
120.916492359
[[ 1.87882237]]
0508A1
7.28121136485
7.35412409693
189.400617286
[[ 14.15868125]]
0508A2
1.70996059508
5.46231876882
113.696676065
[[ 1.57017192]]
0508A3
6.26998051166
9.26739523217
48.3505046059
[[ 0.36564644]]
0508A4
1.47615343468
3.84626410019
67.9492709896
[[ 2.49479455]]
0508A5
29.8437401859
1.09627596578
79.8659969447
[[ 6339.62415785]]
